1! --
   (0)    0    (1)    1    (2)    0    (3)    0    (4)    0
   (5)    0    (6)    0    (7)    0    (8)    0    (9)    0
2! --
   (0)    0    (1)    0    (2)    1    (3)    0    (4)    0
   (5)    0    (6)    0    (7)    0    (8)    0    (9)    0
3! --
   (0)    0    (1)    0    (2)    0    (3)    0    (4)    0
   (5)    0    (6)    1    (7)    0    (8)    0    (9)    0
4! --
   (0)    0    (1)    0    (2)    1    (3)    0    (4)    1
   (5)    0    (6)    0    (7)    0    (8)    0    (9)    0
5! --
   (0)    1    (1)    1    (2)    1    (3)    0    (4)    0
   (5)    0    (6)    0    (7)    0    (8)    0    (9)    0
6! --
   (0)    1    (1)    0    (2)    1    (3)    0    (4)    0
   (5)    0    (6)    0    (7)    1    (8)    0    (9)    0
7! --
   (0)    2    (1)    0    (2)    0    (3)    0    (4)    1
   (5)    1    (6)    0    (7)    0    (8)    0    (9)    0
8! --
   (0)    2    (1)    0    (2)    1    (3)    1    (4)    1
   (5)    0    (6)    0    (7)    0    (8)    0    (9)    0
9! --
   (0)    1    (1)    0    (2)    1    (3)    1    (4)    0
   (5)    0    (6)    1    (7)    0    (8)    2    (9)    0
10! --
   (0)    2    (1)    0    (2)    1    (3)    1    (4)    0
   (5)    0    (6)    1    (7)    0    (8)    2    (9)    0
11! --
   (0)    2    (1)    1    (2)    0    (3)    1    (4)    0
   (5)    0    (6)    1    (7)    0    (8)    1    (9)    2
12! --
   (0)    4    (1)    1    (2)    0    (3)    0    (4)    1
   (5)    0    (6)    1    (7)    1    (8)    0    (9)    1
13! --
   (0)    4    (1)    0    (2)    3    (3)    0    (4)    0
   (5)    0    (6)    1    (7)    1    (8)    1    (9)    0
14! --
   (0)    2    (1)    2    (2)    2    (3)    0    (4)    0
   (5)    0    (6)    0    (7)    2    (8)    2    (9)    1
15! --
   (0)    4    (1)    1    (2)    0    (3)    2    (4)    1
   (5)    0    (6)    2    (7)    2    (8)    1    (9)    0
16! --
   (0)    4    (1)    0    (2)    3    (3)    0    (4)    0
   (5)    0    (6)    0    (7)    1    (8)    4    (9)    2
17! --
   (0)    4    (1)    0    (2)    1    (3)    1    (4)    1
   (5)    2    (6)    2    (7)    1    (8)    2    (9)    1
18! --
   (0)    5    (1)    0    (2)    2    (3)    2    (4)    1
   (5)    1    (6)    1    (7)    3    (8)    1    (9)    0
19! --
   (0)    6    (1)    3    (2)    2    (3)    1    (4)    2
   (5)    1    (6)    1    (7)    0    (8)    2    (9)    0
20! --
   (0)    7    (1)    1    (2)    3    (3)    1    (4)    2
   (5)    0    (6)    2    (7)    1    (8)    1    (9)    1
21! --
   (0)    7    (1)    3    (2)    1    (3)    0    (4)    3
   (5)    1    (6)    0    (7)    2    (8)    0    (9)    3
22! --
   (0)    8    (1)    2    (2)    2    (3)    0    (4)    1
   (5)    0    (6)    2    (7)    6    (8)    1    (9)    0
23! --
   (0)    5    (1)    1    (2)    2    (3)    1    (4)    2
   (5)    2    (6)    3    (7)    2    (8)    4    (9)    1
24! --
   (0)    6    (1)    1    (2)    2    (3)    5    (4)    4
   (5)    0    (6)    2    (7)    1    (8)    1    (9)    2
25! --
   (0)    9    (1)    4    (2)    1    (3)    3    (4)    2
   (5)    3    (6)    0    (7)    0    (8)    2    (9)    2
26! --
   (0)    8    (1)    3    (2)    2    (3)    2    (4)    3
   (5)    3    (6)    4    (7)    0    (8)    1    (9)    1
27! --
   (0)    9    (1)    3    (2)    1    (3)    1    (4)    2
   (5)    2    (6)    3    (7)    1    (8)    6    (9)    1
28! --
   (0)   10    (1)    4    (2)    0    (3)    3    (4)    4
   (5)    2    (6)    2    (7)    1    (8)    4    (9)    0
29! --
   (0)    7    (1)    4    (2)    0    (3)    3    (4)    3
   (5)    2    (6)    3    (7)    3    (8)    2    (9)    4
30! --
   (0)    9    (1)    3    (2)    4    (3)    2    (4)    1
   (5)    4    (6)    3    (7)    0    (8)    5    (9)    2
31! --
   (0)    7    (1)    2    (2)    7    (3)    1    (4)    1
   (5)    3    (6)    2    (7)    4    (8)    6    (9)    1
32! --
   (0)   10    (1)    5    (2)    3    (3)    7    (4)    0
   (5)    1    (6)    5    (7)    1    (8)    2    (9)    2
33! --
   (0)    8    (1)    7    (2)    1    (3)    2    (4)    3
   (5)    2    (6)    3    (7)    1    (8)    8    (9)    2
34! --
   (0)   11    (1)    2    (2)    4    (3)    3    (4)    4
   (5)    2    (6)    4    (7)    2    (8)    2    (9)    5
35! --
   (0)    9    (1)    4    (2)    3    (3)    7    (4)    3
   (5)    2    (6)    7    (7)    2    (8)    1    (9)    3
36! --
   (0)   10    (1)    4    (2)    3    (3)    4    (4)    3
   (5)    2    (6)    2    (7)    4    (8)    3    (9)    7
37! --
   (0)   12    (1)    4    (2)    3    (3)    5    (4)    3
   (5)    5    (6)    3    (7)    3    (8)    2    (9)    4
38! --
   (0)   16    (1)    7    (2)    7    (3)    1    (4)    3
   (5)    1    (6)    5    (7)    4    (8)    0    (9)    1
39! --
   (0)   12    (1)    3    (2)    4    (3)    5    (4)    3
   (5)    2    (6)    2    (7)    4    (8)    7    (9)    5
40! --
   (0)    9    (1)    6    (2)    5    (3)    3    (4)    4
   (5)    5    (6)    3    (7)    4    (8)    4    (9)    5
41! --
   (0)   15    (1)    6    (2)    4    (3)    5    (4)    3
   (5)    6    (6)    6    (7)    3    (8)    2    (9)    0
42! --
   (0)   13    (1)    6    (2)    3    (3)    3    (4)    6
   (5)    5    (6)    5    (7)    3    (8)    4    (9)    4
43! --
   (0)   13    (1)    4    (2)    4    (3)    9    (4)    2
   (5)    7    (6)    6    (7)    4    (8)    2    (9)    2
44! --
   (0)   12    (1)    6    (2)    4    (3)    3    (4)    5
   (5)    5    (6)    5    (7)    4    (8)    9    (9)    2
45! --
   (0)   13    (1)    7    (2)    4    (3)    5    (4)    4
   (5)    5    (6)    8    (7)    4    (8)    3    (9)    4
46! --
   (0)   16    (1)    4    (2)    8    (3)    1    (4)    3
   (5)    8    (6)    4    (7)    1    (8)    7    (9)    6
47! --
   (0)   11    (1)   10    (2)    6    (3)    5    (4)    3
   (5)    5    (6)    7    (7)    2    (8)    4    (9)    7
48! --
   (0)   14    (1)    4    (2)    6    (3)    7    (4)    4
   (5)    6    (6)    6    (7)    8    (8)    4    (9)    3
49! --
   (0)   14    (1)    5    (2)   10    (3)    6    (4)    3
   (5)    5    (6)    6    (7)    5    (8)    7    (9)    2
50! --
   (0)   19    (1)    7    (2)    3    (3)    6    (4)    7
   (5)    2    (6)    9    (7)    5    (8)    5    (9)    2
51! --
   (0)   18    (1)   10    (2)   10    (3)    6    (4)    3
   (5)    4    (6)    5    (7)    3    (8)    5    (9)    3
52! --
   (0)   18    (1)    3    (2)    3    (3)    4    (4)    5
   (5)    7    (6)    8    (7)    8    (8)    9    (9)    3
53! --
   (0)   17    (1)    2    (2)    6    (3)    9    (4)    7
   (5)    3    (6)    7    (7)    5    (8)    8    (9)    6
54! --
   (0)   18    (1)    5    (2)    9    (3)    8    (4)    6
   (5)    3    (6)    3    (7)    7    (8)    9    (9)    4
55! --
   (0)   18    (1)    5    (2)    6    (3)    5    (4)    6
   (5)   11    (6)    9    (7)    4    (8)    4    (9)    6
56! --
   (0)   17    (1)    4    (2)    1    (3)    3    (4)   13
   (5)    5    (6)    6    (7)    9    (8)   11    (9)    6
57! --
   (0)   20    (1)    7    (2)    9    (3)    4    (4)    8
   (5)    6    (6)    7    (7)    4    (8)    7    (9)    5
58! --
   (0)   17    (1)   10    (2)   10    (3)    5    (4)    8
   (5)    5    (6)    4    (7)    4    (8)   10    (9)    6
59! --
   (0)   19    (1)    6    (2)    6    (3)    8    (4)    7
   (5)    5    (6)    6    (7)    7    (8)    9    (9)    8
60! --
   (0)   19    (1)    8    (2)    9    (3)    8    (4)   10
   (5)    3    (6)    8    (7)    7    (8)    4    (9)    6
61! --
   (0)   26    (1)    3    (2)   10    (3)    4    (4)    4
   (5)    7    (6)    6    (7)    6    (8)   11    (9)    7
62! --
   (0)   20    (1)    8    (2)   13    (3)    8    (4)    4
   (5)    6    (6)    6    (7)    8    (8)    7    (9)    6
63! --
   (0)   21    (1)    9    (2)    8    (3)    5    (4)    8
   (5)    4    (6)   11    (7)    8    (8)    7    (9)    7
64! --
   (0)   20    (1)   12    (2)    6    (3)    9    (4)   10
   (5)    7    (6)    6    (7)    3    (8)   12    (9)    5
65! --
   (0)   20    (1)    5    (2)   11    (3)    7    (4)    8
   (5)   10    (6)    8    (7)    9    (8)    7    (9)    6
66! --
   (0)   23    (1)    5    (2)    8    (3)    7    (4)   16
   (5)    3    (6)    8    (7)    8    (8)    9    (9)    6
67! --
   (0)   22    (1)    8    (2)    8    (3)    6    (4)   10
   (5)    7    (6)   11    (7)    6    (8)    9    (9)    8
68! --
   (0)   25    (1)   11    (2)    8    (3)    9    (4)    7
   (5)    8    (6)    6    (7)    8    (8)    7    (9)    8
69! --
   (0)   21    (1)    9    (2)   14    (3)   10    (4)   13
   (5)    5    (6)    4    (7)    8    (8)    8    (9)    7
70! --
   (0)   20    (1)    7    (2)    7    (3)    5    (4)    6
   (5)   10    (6)   11    (7)    9    (8)   14    (9)   12
71! --
   (0)   25    (1)    6    (2)    8    (3)    7    (4)    5
   (5)    7    (6)   11    (7)   10    (8)   18    (9)    5
72! --
   (0)   23    (1)    6    (2)   10    (3)    8    (4)   10
   (5)    3    (6)   10    (7)   12    (8)   15    (9)    7
73! --
   (0)   35    (1)   16    (2)    8    (3)    6    (4)    7
   (5)    7    (6)    6    (7)    7    (8)    9    (9)    5
74! --
   (0)   23    (1)   13    (2)   14    (3)   10    (4)    7
   (5)   13    (6)    5    (7)    7    (8)    9    (9)    7
75! --
   (0)   25    (1)    9    (2)    9    (3)    7    (4)   13
   (5)    9    (6)    9    (7)    9    (8)   10    (9)   10
76! --
   (0)   24    (1)    7    (2)   12    (3)   11    (4)   11
   (5)   10    (6)    8    (7)    9    (8)    8    (9)   12
77! --
   (0)   32    (1)    7    (2)   10    (3)    7    (4)   11
   (5)    6    (6)    9    (7)    7    (8)   18    (9)    7
78! --
   (0)   25    (1)   11    (2)   16    (3)    9    (4)   10
   (5)    9    (6)    8    (7)   10    (8)   12    (9)    6
79! --
   (0)   29    (1)   15    (2)    8    (3)   10    (4)    4
   (5)    7    (6)   11    (7)   10    (8)   14    (9)    9
80! --
   (0)   27    (1)    8    (2)   12    (3)    8    (4)   13
   (5)   14    (6)   10    (7)    9    (8)   13    (9)    5
81! --
   (0)   27    (1)    9    (2)    9    (3)    8    (4)   13
   (5)   13    (6)    8    (7)   14    (8)    8    (9)   12
82! --
   (0)   28    (1)   13    (2)    5    (3)   15    (4)   16
   (5)    1    (6)   11    (7)   11    (8)   10    (9)   13
83! --
   (0)   30    (1)   10    (2)    9    (3)   10    (4)   10
   (5)   12    (6)   12    (7)   12    (8)    8    (9)   12
84! --
   (0)   27    (1)   15    (2)   12    (3)   13    (4)    8
   (5)    8    (6)   13    (7)    9    (8)   12    (9)   10
85! --
   (0)   36    (1)   13    (2)   14    (3)    8    (4)   15
   (5)   13    (6)    9    (7)    7    (8)    5    (9)    9
86! --
   (0)   28    (1)    8    (2)   17    (3)   10    (4)   14
   (5)   13    (6)   11    (7)   13    (8)    8    (9)    9
87! --
   (0)   27    (1)   14    (2)   16    (3)   13    (4)   10
   (5)   11    (6)    7    (7)   17    (8)    8    (9)   10
88! --
   (0)   28    (1)   14    (2)   12    (3)    8    (4)   18
   (5)   10    (6)   12    (7)    2    (8)   18    (9)   13
89! --
   (0)   34    (1)   12    (2)    9    (3)   12    (4)    6
   (5)   10    (6)   15    (7)   11    (8)   10    (9)   18
90! --
   (0)   28    (1)   11    (2)   10    (3)   10    (4)   13
   (5)   12    (6)   15    (7)   12    (8)   14    (9)   14
91! --
   (0)   29    (1)   12    (2)    8    (3)    6    (4)   12
   (5)   17    (6)   17    (7)   19    (8)    9    (9)   12
92! --
   (0)   29    (1)   13    (2)    8    (3)   18    (4)   17
   (5)   17    (6)    8    (7)   15    (8)   11    (9)    7
93! --
   (0)   32    (1)   16    (2)   17    (3)   12    (4)   12
   (5)   14    (6)   11    (7)   12    (8)   12    (9)    7
94! --
   (0)   37    (1)   11    (2)   11    (3)   12    (4)   12
   (5)   15    (6)   16    (7)   10    (8)   16    (9)    7
95! --
   (0)   32    (1)    8    (2)   19    (3)   15    (4)   12
   (5)   12    (6)   11    (7)   15    (8)   10    (9)   15
96! --
   (0)   36    (1)    9    (2)    7    (3)    9    (4)   16
   (5)   11    (6)   11    (7)   15    (8)   16    (9)   20
97! --
   (0)   26    (1)   17    (2)   13    (3)   12    (4)   11
   (5)   11    (6)   13    (7)   16    (8)   17    (9)   16
98! --
   (0)   35    (1)    6    (2)   16    (3)   10    (4)   16
   (5)    9    (6)   14    (7)   19    (8)   16    (9)   13
99! --
   (0)   28    (1)   15    (2)   19    (3)   10    (4)   10
   (5)   14    (6)   19    (7)    7    (8)   14    (9)   20
100! --
   (0)   30    (1)   15    (2)   19    (3)   10    (4)   10
   (5)   14    (6)   19    (7)    7    (8)   14    (9)   20
101! --
   (0)   35    (1)   10    (2)   14    (3)   18    (4)   14
   (5)   13    (6)   14    (7)   12    (8)   12    (9)   18
102! --
   (0)   37    (1)   12    (2)    9    (3)   12    (4)   17
   (5)   27    (6)   16    (7)    6    (8)   11    (9)   15
103! --
   (0)   36    (1)   16    (2)   17    (3)   11    (4)   18
   (5)   15    (6)   11    (7)    9    (8)   17    (9)   14
104! --
   (0)   33    (1)   13    (2)   13    (3)   12    (4)   16
   (5)   14    (6)   11    (7)   25    (8)   18    (9)   12
105! --
   (0)   45    (1)   11    (2)   14    (3)   16    (4)   11
   (5)   11    (6)   15    (7)   15    (8)   12    (9)   19
106! --
   (0)   36    (1)   11    (2)   19    (3)   20    (4)   22
   (5)    8    (6)   15    (7)   15    (8)   18    (9)    7
107! --
   (0)   42    (1)   19    (2)   15    (3)   22    (4)   11
   (5)   17    (6)   14    (7)   10    (8)   11    (9)   12
108! --
   (0)   41    (1)   17    (2)   12    (3)   16    (4)   17
   (5)   15    (6)   12    (7)   12    (8)   19    (9)   14
109! --
   (0)   39    (1)   13    (2)   21    (3)   23    (4)   17
   (5)   10    (6)    8    (7)   15    (8)   17    (9)   14
110! --
   (0)   38    (1)   18    (2)   23    (3)   13    (4)   18
   (5)   13    (6)   12    (7)   19    (8)   13    (9)   12
111! --
   (0)   39    (1)   17    (2)   12    (3)   15    (4)   18
   (5)   20    (6)   19    (7)   19    (8)   10    (9)   12
112! --
   (0)   38    (1)   10    (2)   17    (3)   17    (4)   15
   (5)   15    (6)   14    (7)   22    (8)   18    (9)   17
113! --
   (0)   35    (1)   26    (2)   24    (3)   14    (4)   15
   (5)   14    (6)   17    (7)   15    (8)   12    (9)   13
114! --
   (0)   47    (1)   19    (2)   16    (3)   19    (4)   19
   (5)   18    (6)   11    (7)    8    (8)   18    (9)   12
115! --
   (0)   51    (1)   19    (2)   18    (3)   18    (4)   12
   (5)   21    (6)    9    (7)   12    (8)   13    (9)   16
116! --
   (0)   44    (1)   23    (2)   14    (3)   18    (4)    8
   (5)   16    (6)   19    (7)   13    (8)   17    (9)   19
117! --
   (0)   47    (1)   15    (2)   14    (3)   14    (4)   25
   (5)   11    (6)   21    (7)   14    (8)   14    (9)   18
118! --
   (0)   40    (1)   13    (2)   24    (3)   21    (4)   17
   (5)   14    (6)   17    (7)   13    (8)   23    (9)   13
119! --
   (0)   42    (1)   16    (2)   11    (3)   18    (4)   29
   (5)   17    (6)   12    (7)   20    (8)   19    (9)   13
120! --
   (0)   45    (1)   19    (2)   15    (3)   16    (4)   15
   (5)   21    (6)   16    (7)   11    (8)   21    (9)   20
121! --
   (0)   47    (1)   15    (2)   20    (3)   17    (4)   18
   (5)   11    (6)   18    (7)   23    (8)   16    (9)   16
122! --
   (0)   52    (1)   14    (2)   19    (3)   15    (4)   24
   (5)   18    (6)   15    (7)   18    (8)   13    (9)   15
123! --
   (0)   42    (1)   25    (2)   24    (3)   16    (4)   15
   (5)   16    (6)   21    (7)   14    (8)   17    (9)   16
124! --
   (0)   53    (1)   25    (2)   12    (3)   11    (4)   22
   (5)   20    (6)   21    (7)   17    (8)   11    (9)   16
125! --
   (0)   47    (1)   16    (2)   11    (3)   20    (4)   16
   (5)   24    (6)   16    (7)   19    (8)   25    (9)   16
126! --
   (0)   52    (1)   19    (2)   15    (3)   22    (4)   16
   (5)   15    (6)   13    (7)   25    (8)   21    (9)   14
127! --
   (0)   54    (1)   14    (2)   17    (3)   13    (4)   11
   (5)   14    (6)   25    (7)   29    (8)   14    (9)   23
128! --
   (0)   50    (1)   11    (2)   21    (3)   21    (4)   18
   (5)   25    (6)   21    (7)   18    (8)   16    (9)   15
129! --
   (0)   48    (1)   22    (2)   23    (3)   17    (4)   20
   (5)   14    (6)   23    (7)   14    (8)   19    (9)   18
130! --
   (0)   51    (1)   14    (2)   21    (3)   14    (4)   23
   (5)   24    (6)   16    (7)   20    (8)   15    (9)   22
131! --
   (0)   46    (1)   16    (2)   15    (3)   17    (4)   21
   (5)   19    (6)   26    (7)   21    (8)   21    (9)   20
132! --
   (0)   54    (1)   20    (2)   19    (3)   14    (4)   19
   (5)   15    (6)   27    (7)   18    (8)   17    (9)   22
133! --
   (0)   61    (1)   22    (2)   17    (3)   15    (4)   12
   (5)   21    (6)   17    (7)   21    (8)   26    (9)   15
134! --
   (0)   56    (1)   21    (2)   19    (3)   22    (4)   27
   (5)   12    (6)   15    (7)   14    (8)   22    (9)   21
135! --
   (0)   57    (1)   20    (2)   18    (3)   23    (4)   25
   (5)   21    (6)   19    (7)   19    (8)   19    (9)   10
136! --
   (0)   53    (1)   24    (2)   24    (3)   16    (4)   19
   (5)   22    (6)   18    (7)   19    (8)   25    (9)   13
137! --
   (0)   49    (1)   19    (2)   28    (3)   23    (4)   13
   (5)   16    (6)   18    (7)   25    (8)   28    (9)   16
138! --
   (0)   54    (1)   19    (2)   20    (3)   15    (4)   21
   (5)   16    (6)   23    (7)   22    (8)   29    (9)   18
139! --
   (0)   57    (1)   24    (2)   14    (3)   15    (4)   14
   (5)   19    (6)   27    (7)   16    (8)   18    (9)   35
140! --
   (0)   60    (1)   24    (2)   11    (3)   17    (4)   20
   (5)   20    (6)   21    (7)   24    (8)   22    (9)   23
141! --
   (0)   53    (1)   26    (2)   24    (3)   15    (4)   18
   (5)   18    (6)   16    (7)   29    (8)   22    (9)   23
142! --
   (0)   56    (1)   20    (2)   20    (3)   12    (4)   22
   (5)   14    (6)   20    (7)   29    (8)   28    (9)   25
143! --
   (0)   53    (1)   28    (2)   13    (3)   26    (4)   23
   (5)   26    (6)   25    (7)   17    (8)   20    (9)   17
144! --
   (0)   58    (1)   16    (2)   18    (3)   26    (4)   20
   (5)   19    (6)   16    (7)   27    (8)   23    (9)   27
145! --
   (0)   57    (1)   27    (2)   21    (3)   16    (4)   25
   (5)   21    (6)   19    (7)   20    (8)   18    (9)   28
146! --
   (0)   57    (1)   22    (2)   27    (3)   16    (4)   18
   (5)   22    (6)   20    (7)   20    (8)   26    (9)   27
147! --
   (0)   57    (1)   27    (2)   28    (3)   20    (4)   20
   (5)   23    (6)   19    (7)   21    (8)   23    (9)   19
148! --
   (0)   50    (1)   25    (2)   23    (3)   26    (4)   23
   (5)   26    (6)   21    (7)   24    (8)   26    (9)   15
149! --
   (0)   52    (1)   10    (2)   25    (3)   28    (4)   23
   (5)   25    (6)   21    (7)   22    (8)   29    (9)   26
150! --
   (0)   51    (1)   20    (2)   25    (3)   19    (4)   30
   (5)   32    (6)   21    (7)   22    (8)   21    (9)   22
151! --
   (0)   60    (1)   27    (2)   26    (3)   24    (4)   21
   (5)   21    (6)   19    (7)   20    (8)   27    (9)   20
152! --
   (0)   61    (1)   24    (2)   20    (3)   30    (4)   21
   (5)   29    (6)   23    (7)   26    (8)   19    (9)   15
153! --
   (0)   62    (1)   31    (2)   20    (3)   28    (4)   21
   (5)   19    (6)   29    (7)   15    (8)   19    (9)   26
154! --
   (0)   68    (1)   22    (2)   18    (3)   18    (4)   24
   (5)   22    (6)   28    (7)   22    (8)   28    (9)   22
155! --
   (0)   57    (1)   24    (2)   24    (3)   30    (4)   27
   (5)   20    (6)   27    (7)   24    (8)   16    (9)   25
156! --
   (0)   62    (1)   22    (2)   24    (3)   24    (4)   18
   (5)   24    (6)   28    (7)   24    (8)   22    (9)   28
157! --
   (0)   54    (1)   22    (2)   28    (3)   21    (4)   26
   (5)   30    (6)   23    (7)   30    (8)   23    (9)   22
158! --
   (0)   60    (1)   25    (2)   19    (3)   31    (4)   22
   (5)   20    (6)   23    (7)   24    (8)   29    (9)   28
159! --
   (0)   59    (1)   28    (2)   30    (3)   26    (4)   20
   (5)   22    (6)   29    (7)   16    (8)   30    (9)   23
160! --
   (0)   63    (1)   29    (2)   24    (3)   27    (4)   24
   (5)   19    (6)   22    (7)   23    (8)   21    (9)   33
161! --
   (0)   66    (1)   23    (2)   26    (3)   19    (4)   30
   (5)   25    (6)   15    (7)   26    (8)   28    (9)   29
162! --
   (0)   70    (1)   26    (2)   29    (3)   19    (4)   25
   (5)   20    (6)   17    (7)   25    (8)   24    (9)   35
163! --
   (0)   68    (1)   24    (2)   27    (3)   23    (4)   22
   (5)   23    (6)   30    (7)   26    (8)   19    (9)   30
164! --
   (0)   63    (1)   28    (2)   37    (3)   24    (4)   22
   (5)   21    (6)   26    (7)   27    (8)   28    (9)   18
165! --
   (0)   68    (1)   25    (2)   22    (3)   26    (4)   32
   (5)   33    (6)   23    (7)   22    (8)   21    (9)   24
166! --
   (0)   66    (1)   26    (2)   24    (3)   25    (4)   20
   (5)   23    (6)   35    (7)   27    (8)   23    (9)   29
167! --
   (0)   70    (1)   42    (2)   23    (3)   19    (4)   29
   (5)   24    (6)   22    (7)   25    (8)   22    (9)   25
168! --
   (0)   63    (1)   28    (2)   25    (3)   21    (4)   29
   (5)   29    (6)   35    (7)   27    (8)   27    (9)   19
169! --
   (0)   70    (1)   28    (2)   24    (3)   20    (4)   29
   (5)   28    (6)   25    (7)   26    (8)   31    (9)   24
170! --
   (0)   68    (1)   29    (2)   31    (3)   20    (4)   22
   (5)   32    (6)   31    (7)   26    (8)   20    (9)   28
171! --
   (0)   66    (1)   32    (2)   25    (3)   21    (4)   22
   (5)   30    (6)   27    (7)   26    (8)   34    (9)   27
172! --
   (0)   73    (1)   27    (2)   20    (3)   32    (4)   22
   (5)   30    (6)   23    (7)   31    (8)   27    (9)   27
173! --
   (0)   66    (1)   22    (2)   40    (3)   30    (4)   26
   (5)   24    (6)   29    (7)   28    (8)   21    (9)   28
174! --
   (0)   67    (1)   23    (2)   34    (3)   30    (4)   22
   (5)   30    (6)   40    (7)   22    (8)   30    (9)   18
175! --
   (0)   72    (1)   27    (2)   23    (3)   32    (4)   28
   (5)   18    (6)   48    (7)   19    (8)   27    (9)   25
176! --
   (0)   75    (1)   34    (2)   22    (3)   33    (4)   24
   (5)   28    (6)   21    (7)   22    (8)   36    (9)   26
177! --
   (0)   70    (1)   19    (2)   30    (3)   38    (4)   27
   (5)   29    (6)   20    (7)   30    (8)   38    (9)   22
178! --
   (0)   60    (1)   32    (2)   31    (3)   24    (4)   21
   (5)   25    (6)   34    (7)   29    (8)   35    (9)   34
179! --
   (0)   74    (1)   26    (2)   28    (3)   32    (4)   34
   (5)   18    (6)   32    (7)   34    (8)   24    (9)   26
180! --
   (0)   75    (1)   30    (2)   16    (3)   39    (4)   27
   (5)   26    (6)   32    (7)   20    (8)   29    (9)   36
181! --
   (0)   66    (1)   27    (2)   31    (3)   36    (4)   31
   (5)   22    (6)   35    (7)   20    (8)   34    (9)   30
182! --
   (0)   79    (1)   31    (2)   23    (3)   26    (4)   36
   (5)   22    (6)   30    (7)   29    (8)   27    (9)   31
183! --
   (0)   69    (1)   25    (2)   37    (3)   37    (4)   32
   (5)   21    (6)   25    (7)   37    (8)   24    (9)   30
184! --
   (0)   75    (1)   18    (2)   40    (3)   27    (4)   36
   (5)   29    (6)   28    (7)   27    (8)   33    (9)   26
185! --
   (0)   81    (1)   33    (2)   31    (3)   21    (4)   33
   (5)   34    (6)   29    (7)   29    (8)   27    (9)   23
186! --
   (0)   83    (1)   27    (2)   31    (3)   32    (4)   26
   (5)   25    (6)   34    (7)   27    (8)   33    (9)   25
187! --
   (0)   67    (1)   28    (2)   37    (3)   33    (4)   27
   (5)   32    (6)   31    (7)   36    (8)   25    (9)   30
188! --
   (0)   73    (1)   32    (2)   22    (3)   24    (4)   39
   (5)   33    (6)   27    (7)   34    (8)   23    (9)   41
189! --
   (0)   72    (1)   34    (2)   28    (3)   32    (4)   31
   (5)   26    (6)   36    (7)   30    (8)   29    (9)   32
190! --
   (0)   74    (1)   27    (2)   35    (3)   29    (4)   40
   (5)   36    (6)   33    (7)   24    (8)   26    (9)   28
191! --
   (0)   82    (1)   23    (2)   32    (3)   29    (4)   27
   (5)   30    (6)   35    (7)   27    (8)   39    (9)   31
192! --
   (0)   80    (1)   27    (2)   26    (3)   35    (4)   32
   (5)   39    (6)   29    (7)   27    (8)   24    (9)   38
193! --
   (0)   70    (1)   30    (2)   32    (3)   42    (4)   24
   (5)   35    (6)   18    (7)   41    (8)   31    (9)   36
194! --
   (0)   87    (1)   24    (2)   40    (3)   28    (4)   31
   (5)   34    (6)   21    (7)   24    (8)   38    (9)   35
195! --
   (0)   81    (1)   29    (2)   33    (3)   31    (4)   30
   (5)   39    (6)   36    (7)   24    (8)   23    (9)   38
196! --
   (0)   80    (1)   37    (2)   36    (3)   28    (4)   26
   (5)   23    (6)   36    (7)   36    (8)   34    (9)   30
197! --
   (0)   76    (1)   21    (2)   29    (3)   39    (4)   34
   (5)   31    (6)   40    (7)   37    (8)   32    (9)   30
198! --
   (0)   80    (1)   33    (2)   41    (3)   29    (4)   35
   (5)   38    (6)   30    (7)   25    (8)   32    (9)   28
199! --
   (0)   71    (1)   53    (2)   36    (3)   30    (4)   25
   (5)   29    (6)   42    (7)   24    (8)   34    (9)   29
200! --
   (0)   76    (1)   26    (2)   54    (3)   41    (4)   35
   (5)   25    (6)   29    (7)   35    (8)   23    (9)   31
201! --
   (0)   80    (1)   46    (2)   43    (3)   36    (4)   33
   (5)   24    (6)   31    (7)   32    (8)   29    (9)   24
202! --
   (0)   82    (1)   34    (2)   39    (3)   40    (4)   39
   (5)   27    (6)   32    (7)   35    (8)   24    (9)   28
203! --
   (0)   91    (1)   27    (2)   36    (3)   30    (4)   29
   (5)   42    (6)   31    (7)   31    (8)   27    (9)   38
204! --
   (0)   78    (1)   32    (2)   43    (3)   37    (4)   33
   (5)   33    (6)   31    (7)   36    (8)   28    (9)   34
205! --
   (0)   71    (1)   33    (2)   46    (3)   38    (4)   27
   (5)   45    (6)   36    (7)   21    (8)   35    (9)   35
206! --
   (0)   78    (1)   32    (2)   36    (3)   30    (4)   33
   (5)   37    (6)   39    (7)   30    (8)   37    (9)   37
207! --
   (0)   74    (1)   38    (2)   34    (3)   35    (4)   25
   (5)   26    (6)   43    (7)   32    (8)   41    (9)   44
208! --
   (0)   82    (1)   31    (2)   37    (3)   30    (4)   32
   (5)   33    (6)   41    (7)   32    (8)   40    (9)   36
209! --
   (0)   85    (1)   36    (2)   38    (3)   36    (4)   31
   (5)   33    (6)   38    (7)   32    (8)   34    (9)   33
210! --
   (0)   83    (1)   38    (2)   40    (3)   28    (4)   34
   (5)   37    (6)   39    (7)   38    (8)   33    (9)   29
211! --
   (0)   89    (1)   41    (2)   35    (3)   32    (4)   39
   (5)   25    (6)   44    (7)   38    (8)   28    (9)   30
212! --
   (0)   85    (1)   33    (2)   37    (3)   30    (4)   39
   (5)   36    (6)   35    (7)   44    (8)   34    (9)   30
213! --
   (0)   95    (1)   41    (2)   31    (3)   23    (4)   33
   (5)   36    (6)   53    (7)   45    (8)   28    (9)   21
214! --
   (0)   82    (1)   26    (2)   35    (3)   40    (4)   35
   (5)   40    (6)   45    (7)   32    (8)   33    (9)   40
215! --
   (0)   81    (1)   38    (2)   35    (3)   36    (4)   32
   (5)   30    (6)   48    (7)   30    (8)   38    (9)   42
216! --
   (0)  102    (1)   37    (2)   27    (3)   38    (4)   32
   (5)   33    (6)   41    (7)   30    (8)   36    (9)   37
217! --
   (0)   78    (1)   37    (2)   41    (3)   41    (4)   40
   (5)   33    (6)   37    (7)   42    (8)   39    (9)   27
218! --
   (0)   85    (1)   42    (2)   39    (3)   38    (4)   26
   (5)   32    (6)   42    (7)   34    (8)   34    (9)   45
219! --
   (0)   96    (1)   46    (2)   34    (3)   36    (4)   23
   (5)   45    (6)   42    (7)   31    (8)   36    (9)   31
220! --
   (0)   85    (1)   29    (2)   39    (3)   36    (4)   37
   (5)   48    (6)   38    (7)   45    (8)   30    (9)   35
221! --
   (0)   90    (1)   40    (2)   28    (3)   33    (4)   37
   (5)   45    (6)   40    (7)   40    (8)   35    (9)   36
222! --
   (0)   93    (1)   38    (2)   35    (3)   26    (4)   43
   (5)   54    (6)   38    (7)   25    (8)   41    (9)   34
223! --
   (0)   85    (1)   34    (2)   40    (3)   46    (4)   43
   (5)   36    (6)   36    (7)   25    (8)   50    (9)   34
224! --
   (0)   81    (1)   35    (2)   24    (3)   46    (4)   47
   (5)   45    (6)   41    (7)   42    (8)   31    (9)   39
225! --
   (0)   95    (1)   30    (2)   37    (3)   38    (4)   47
   (5)   32    (6)   41    (7)   36    (8)   38    (9)   40
226! --
   (0)   87    (1)   40    (2)   43    (3)   43    (4)   29
   (5)   44    (6)   34    (7)   38    (8)   35    (9)   43
227! --
   (0)  102    (1)   35    (2)   32    (3)   48    (4)   48
   (5)   35    (6)   33    (7)   33    (8)   31    (9)   41
228! --
   (0)   99    (1)   40    (2)   43    (3)   39    (4)   38
   (5)   39    (6)   37    (7)   50    (8)   28    (9)   28
229! --
   (0)   96    (1)   39    (2)   37    (3)   43    (4)   45
   (5)   35    (6)   33    (7)   41    (8)   47    (9)   27
230! --
   (0)   89    (1)   38    (2)   43    (3)   39    (4)   45
   (5)   51    (6)   30    (7)   31    (8)   38    (9)   41
231! --
   (0)   89    (1)   50    (2)   45    (3)   46    (4)   44
   (5)   35    (6)   40    (7)   28    (8)   39    (9)   32
232! --
   (0)   98    (1)   39    (2)   41    (3)   33    (4)   33
   (5)   39    (6)   41    (7)   37    (8)   44    (9)   45
233! --
   (0)   93    (1)   42    (2)   48    (3)   41    (4)   46
   (5)   31    (6)   41    (7)   32    (8)   44    (9)   34
234! --
   (0)   88    (1)   46    (2)   30    (3)   48    (4)   32
   (5)   37    (6)   52    (7)   32    (8)   37    (9)   53
235! --
   (0)   93    (1)   47    (2)   41    (3)   40    (4)   42
   (5)   45    (6)   36    (7)   46    (8)   37    (9)   30
236! --
   (0)   94    (1)   43    (2)   48    (3)   43    (4)   43
   (5)   41    (6)   35    (7)   39    (8)   39    (9)   35
237! --
   (0)   91    (1)   37    (2)   45    (3)   37    (4)   38
   (5)   42    (6)   42    (7)   44    (8)   44    (9)   42
238! --
   (0)  100    (1)   43    (2)   35    (3)   44    (4)   38
   (5)   40    (6)   40    (7)   47    (8)   41    (9)   36
239! --
   (0)   96    (1)   40    (2)   40    (3)   44    (4)   48
   (5)   50    (6)   36    (7)   32    (8)   45    (9)   36
240! --
   (0)   99    (1)   40    (2)   43    (3)   28    (4)   32
   (5)   48    (6)   49    (7)   37    (8)   42    (9)   51
241! --
   (0)  104    (1)   33    (2)   34    (3)   38    (4)   51
   (5)   44    (6)   41    (7)   44    (8)   41    (9)   41
242! --
   (0)  100    (1)   33    (2)   33    (3)   45    (4)   36
   (5)   43    (6)   38    (7)   54    (8)   56    (9)   36
243! --
   (0)   94    (1)   46    (2)   35    (3)   30    (4)   42
   (5)   45    (6)   42    (7)   50    (8)   49    (9)   43
244! --
   (0)  102    (1)   40    (2)   52    (3)   33    (4)   39
   (5)   56    (6)   40    (7)   35    (8)   39    (9)   43
245! --
   (0)  103    (1)   40    (2)   38    (3)   39    (4)   38
   (5)   44    (6)   46    (7)   46    (8)   42    (9)   45
246! --
   (0)   97    (1)   51    (2)   49    (3)   48    (4)   45
   (5)   32    (6)   44    (7)   39    (8)   45    (9)   33
247! --
   (0)  101    (1)   57    (2)   41    (3)   37    (4)   44
   (5)   40    (6)   44    (7)   39    (8)   38    (9)   45
248! --
   (0)  100    (1)   42    (2)   42    (3)   44    (4)   47
   (5)   50    (6)   36    (7)   38    (8)   44    (9)   45
249! --
   (0)  105    (1)   49    (2)   54    (3)   41    (4)   33
   (5)   42    (6)   43    (7)   42    (8)   31    (9)   51
250! --
   (0)  103    (1)   43    (2)   56    (3)   40    (4)   34
   (5)   39    (6)   32    (7)   53    (8)   53    (9)   40
251! --
   (0)  105    (1)   51    (2)   33    (3)   47    (4)   43
   (5)   47    (6)   43    (7)   42    (8)   47    (9)   37
252! --
   (0)  104    (1)   44    (2)   49    (3)   43    (4)   45
   (5)   47    (6)   44    (7)   44    (8)   43    (9)   35
253! --
   (0)   99    (1)   41    (2)   43    (3)   46    (4)   54
   (5)   34    (6)   48    (7)   47    (8)   35    (9)   53
254! --
   (0)  114    (1)   44    (2)   40    (3)   45    (4)   53
   (5)   40    (6)   41    (7)   38    (8)   49    (9)   39
255! --
   (0)  110    (1)   42    (2)   54    (3)   46    (4)   42
   (5)   47    (6)   50    (7)   39    (8)   40    (9)   35
256! --
   (0)  104    (1)   44    (2)   50    (3)   39    (4)   42
   (5)   46    (6)   53    (7)   51    (8)   47    (9)   31
257! --
   (0)  120    (1)   44    (2)   43    (3)   45    (4)   42
   (5)   42    (6)   40    (7)   42    (8)   52    (9)   40
258! --
   (0)  120    (1)   62    (2)   42    (3)   37    (4)   47
   (5)   48    (6)   39    (7)   35    (8)   39    (9)   43
259! --
   (0)  103    (1)   65    (2)   45    (3)   45    (4)   43
   (5)   37    (6)   44    (7)   46    (8)   45    (9)   42
260! --
   (0)  112    (1)   45    (2)   48    (3)   64    (4)   36
   (5)   45    (6)   42    (7)   36    (8)   45    (9)   44
261! --
   (0)  116    (1)   39    (2)   33    (3)   50    (4)   41
   (5)   52    (6)   50    (7)   52    (8)   38    (9)   48
262! --
   (0)  104    (1)   59    (2)   44    (3)   38    (4)   51
   (5)   33    (6)   43    (7)   50    (8)   50    (9)   50
263! --
   (0)  106    (1)   53    (2)   47    (3)   40    (4)   53
   (5)   37    (6)   47    (7)   57    (8)   40    (9)   44
264! --
   (0)  121    (1)   49    (2)   49    (3)   46    (4)   43
   (5)   55    (6)   43    (7)   45    (8)   36    (9)   40
265! --
   (0)  110    (1)   45    (2)   41    (3)   53    (4)   44
   (5)   50    (6)   45    (7)   49    (8)   47    (9)   45
266! --
   (0)  115    (1)   49    (2)   46    (3)   38    (4)   40
   (5)   45    (6)   56    (7)   47    (8)   45    (9)   51
267! --
   (0)  109    (1)   56    (2)   44    (3)   51    (4)   56
   (5)   41    (6)   50    (7)   45    (8)   36    (9)   46
268! --
   (0)  108    (1)   44    (2)   49    (3)   45    (4)   56
   (5)   46    (6)   52    (7)   47    (8)   40    (9)   49
269! --
   (0)  115    (1)   45    (2)   58    (3)   45    (4)   47
   (5)   50    (6)   40    (7)   38    (8)   43    (9)   58
270! --
   (0)  103    (1)   50    (2)   51    (3)   51    (4)   47
   (5)   49    (6)   59    (7)   37    (8)   46    (9)   48
271! --
   (0)  117    (1)   37    (2)   55    (3)   37    (4)   48
   (5)   66    (6)   46    (7)   41    (8)   47    (9)   50
272! --
   (0)  105    (1)   57    (2)   50    (3)   53    (4)   51
   (5)   51    (6)   44    (7)   37    (8)   47    (9)   51
273! --
   (0)  133    (1)   54    (2)   43    (3)   53    (4)   62
   (5)   38    (6)   43    (7)   40    (8)   42    (9)   41
274! --
   (0)  128    (1)   48    (2)   39    (3)   50    (4)   59
   (5)   51    (6)   50    (7)   33    (8)   47    (9)   46
275! --
   (0)  113    (1)   46    (2)   51    (3)   45    (4)   59
   (5)   56    (6)   41    (7)   50    (8)   45    (9)   48
276! --
   (0)  125    (1)   60    (2)   48    (3)   51    (4)   58
   (5)   52    (6)   33    (7)   39    (8)   39    (9)   51
277! --
   (0)  108    (1)   47    (2)   56    (3)   44    (4)   44
   (5)   37    (6)   63    (7)   45    (8)   58    (9)   56
278! --
   (0)  102    (1)   47    (2)   54    (3)   44    (4)   42
   (5)   54    (6)   57    (7)   49    (8)   51    (9)   61
279! --
   (0)  122    (1)   44    (2)   56    (3)   51    (4)   52
   (5)   33    (6)   53    (7)   43    (8)   59    (9)   50
280! --
   (0)  115    (1)   46    (2)   54    (3)   48    (4)   59
   (5)   50    (6)   47    (7)   53    (8)   42    (9)   52
281! --
   (0)  109    (1)   53    (2)   28    (3)   59    (4)   46
   (5)   63    (6)   53    (7)   51    (8)   47    (9)   59
282! --
   (0)  111    (1)   51    (2)   48    (3)   48    (4)   52
   (5)   47    (6)   52    (7)   52    (8)   60    (9)   50
283! --
   (0)  109    (1)   44    (2)   45    (3)   59    (4)   58
   (5)   48    (6)   60    (7)   41    (8)   62    (9)   47
284! --
   (0)  120    (1)   52    (2)   58    (3)   47    (4)   64
   (5)   46    (6)   37    (7)   49    (8)   46    (9)   57
285! --
   (0)  135    (1)   43    (2)   42    (3)   56    (4)   47
   (5)   42    (6)   46    (7)   55    (8)   58    (9)   54
286! --
   (0)  126    (1)   43    (2)   60    (3)   40    (4)   43
   (5)   53    (6)   55    (7)   64    (8)   49    (9)   47
287! --
   (0)  116    (1)   52    (2)   53    (3)   45    (4)   47
   (5)   55    (6)   43    (7)   64    (8)   49    (9)   59
288! --
   (0)  116    (1)   54    (2)   50    (3)   56    (4)   49
   (5)   51    (6)   59    (7)   51    (8)   53    (9)   46
289! --
   (0)  117    (1)   44    (2)   51    (3)   59    (4)   49
   (5)   55    (6)   57    (7)   48    (8)   59    (9)   49
290! --
   (0)  124    (1)   59    (2)   51    (3)   49    (4)   54
   (5)   48    (6)   49    (7)   49    (8)   51    (9)   56
291! --
   (0)  116    (1)   64    (2)   41    (3)   56    (4)   57
   (5)   53    (6)   65    (7)   43    (8)   49    (9)   49
292! --
   (0)  127    (1)   51    (2)   48    (3)   52    (4)   52
   (5)   42    (6)   53    (7)   53    (8)   51    (9)   66
293! --
   (0)  120    (1)   57    (2)   63    (3)   49    (4)   44
   (5)   56    (6)   47    (7)   49    (8)   43    (9)   70
294! --
   (0)  125    (1)   55    (2)   46    (3)   58    (4)   53
   (5)   52    (6)   56    (7)   51    (8)   64    (9)   40
295! --
   (0)  105    (1)   55    (2)   59    (3)   55    (4)   53
   (5)   53    (6)   51    (7)   44    (8)   70    (9)   58
296! --
   (0)  122    (1)   57    (2)   47    (3)   46    (4)   54
   (5)   50    (6)   54    (7)   52    (8)   66    (9)   57
297! --
   (0)  132    (1)   55    (2)   53    (3)   60    (4)   49
   (5)   46    (6)   45    (7)   54    (8)   47    (9)   67
298! --
   (0)  125    (1)   70    (2)   43    (3)   53    (4)   59
   (5)   57    (6)   48    (7)   47    (8)   49    (9)   59
299! --
   (0)  123    (1)   59    (2)   56    (3)   51    (4)   51
   (5)   56    (6)   45    (7)   57    (8)   64    (9)   51
300! --
   (0)  121    (1)   42    (2)   66    (3)   54    (4)   53
   (5)   59    (6)   66    (7)   54    (8)   51    (9)   49
301! --
   (0)  128    (1)   57    (2)   57    (3)   57    (4)   54
   (5)   59    (6)   57    (7)   53    (8)   45    (9)   50
302! --
   (0)  124    (1)   55    (2)   51    (3)   63    (4)   54
   (5)   46    (6)   47    (7)   55    (8)   73    (9)   52
303! --
   (0)  115    (1)   62    (2)   60    (3)   50    (4)   59
   (5)   62    (6)   44    (7)   62    (8)   55    (9)   53
304! --
   (0)  142    (1)   51    (2)   59    (3)   48    (4)   58
   (5)   52    (6)   64    (7)   54    (8)   46    (9)   51
305! --
   (0)  131    (1)   44    (2)   60    (3)   59    (4)   54
   (5)   48    (6)   54    (7)   66    (8)   53    (9)   58
306! --
   (0)  130    (1)   70    (2)   59    (3)   50    (4)   44
   (5)   53    (6)   57    (7)   57    (8)   53    (9)   57
307! --
   (0)  123    (1)   52    (2)   66    (3)   67    (4)   56
   (5)   59    (6)   52    (7)   56    (8)   51    (9)   50
308! --
   (0)  133    (1)   60    (2)   57    (3)   72    (4)   60
   (5)   50    (6)   43    (7)   50    (8)   48    (9)   62
309! --
   (0)  142    (1)   64    (2)   55    (3)   55    (4)   56
   (5)   62    (6)   44    (7)   50    (8)   56    (9)   53
310! --
   (0)  117    (1)   60    (2)   58    (3)   54    (4)   42
   (5)   51    (6)   81    (7)   67    (8)   60    (9)   50
311! --
   (0)  136    (1)   59    (2)   51    (3)   59    (4)   54
   (5)   52    (6)   60    (7)   50    (8)   57    (9)   64
312! --
   (0)  136    (1)   64    (2)   59    (3)   50    (4)   40
   (5)   47    (6)   70    (7)   71    (8)   51    (9)   57
313! --
   (0)  129    (1)   58    (2)   60    (3)   65    (4)   70
   (5)   53    (6)   52    (7)   58    (8)   52    (9)   50
314! --
   (0)  134    (1)   57    (2)   60    (3)   57    (4)   48
   (5)   54    (6)   62    (7)   63    (8)   57    (9)   58
315! --
   (0)  125    (1)   64    (2)   71    (3)   59    (4)   56
   (5)   50    (6)   60    (7)   56    (8)   52    (9)   59
316! --
   (0)  134    (1)   46    (2)   57    (3)   54    (4)   80
   (5)   57    (6)   55    (7)   54    (8)   60    (9)   58
317! --
   (0)  129    (1)   59    (2)   67    (3)   59    (4)   63
   (5)   53    (6)   56    (7)   62    (8)   64    (9)   45
318! --
   (0)  136    (1)   58    (2)   54    (3)   58    (4)   55
   (5)   60    (6)   54    (7)   67    (8)   60    (9)   58
319! --
   (0)  128    (1)   59    (2)   75    (3)   60    (4)   47
   (5)   67    (6)   73    (7)   48    (8)   48    (9)   57
320! --
   (0)  133    (1)   48    (2)   59    (3)   62    (4)   63
   (5)   63    (6)   63    (7)   51    (8)   61    (9)   62
321! --
   (0)  138    (1)   63    (2)   49    (3)   57    (4)   64
   (5)   65    (6)   66    (7)   57    (8)   52    (9)   56
322! --
   (0)  128    (1)   55    (2)   54    (3)   58    (4)   60
   (5)   53    (6)   66    (7)   60    (8)   74    (9)   62
323! --
   (0)  141    (1)   57    (2)   66    (3)   54    (4)   62
   (5)   61    (6)   54    (7)   66    (8)   52    (9)   59
324! --
   (0)  142    (1)   80    (2)   61    (3)   62    (4)   44
   (5)   52    (6)   51    (7)   56    (8)   55    (9)   72
325! --
   (0)  139    (1)   46    (2)   67    (3)   65    (4)   63
   (5)   49    (6)   68    (7)   71    (8)   58    (9)   51
326! --
   (0)  140    (1)   58    (2)   56    (3)   55    (4)   59
   (5)   64    (6)   75    (7)   52    (8)   67    (9)   54
327! --
   (0)  155    (1)   50    (2)   56    (3)   74    (4)   53
   (5)   46    (6)   60    (7)   59    (8)   78    (9)   51
328! --
   (0)  140    (1)   55    (2)   67    (3)   66    (4)   49
   (5)   72    (6)   62    (7)   53    (8)   57    (9)   64
329! --
   (0)  145    (1)   55    (2)   65    (3)   61    (4)   48
   (5)   70    (6)   55    (7)   59    (8)   60    (9)   69
330! --
   (0)  154    (1)   58    (2)   53    (3)   54    (4)   71
   (5)   76    (6)   55    (7)   64    (8)   58    (9)   47
331! --
   (0)  133    (1)   53    (2)   64    (3)   70    (4)   69
   (5)   62    (6)   64    (7)   65    (8)   52    (9)   60
332! --
   (0)  144    (1)   61    (2)   48    (3)   62    (4)   62
   (5)   54    (6)   62    (7)   66    (8)   66    (9)   70
333! --
   (0)  137    (1)   53    (2)   63    (3)   56    (4)   71
   (5)   70    (6)   61    (7)   51    (8)   66    (9)   70
334! --
   (0)  135    (1)   70    (2)   53    (3)   59    (4)   59
   (5)   67    (6)   71    (7)   62    (8)   65    (9)   59
335! --
   (0)  150    (1)   63    (2)   54    (3)   62    (4)   57
   (5)   73    (6)   53    (7)   62    (8)   73    (9)   56
336! --
   (0)  137    (1)   69    (2)   48    (3)   59    (4)   65
   (5)   58    (6)   71    (7)   60    (8)   73    (9)   65
337! --
   (0)  159    (1)   52    (2)   59    (3)   61    (4)   63
   (5)   63    (6)   58    (7)   63    (8)   62    (9)   68
338! --
   (0)  142    (1)   63    (2)   66    (3)   54    (4)   57
   (5)   50    (6)   67    (7)   72    (8)   67    (9)   72
339! --
   (0)  155    (1)   69    (2)   54    (3)   58    (4)   54
   (5)   65    (6)   71    (7)   63    (8)   58    (9)   66
340! --
   (0)  147    (1)   75    (2)   65    (3)   74    (4)   59
   (5)   53    (6)   57    (7)   49    (8)   83    (9)   53
341! --
   (0)  137    (1)   62    (2)   55    (3)   66    (4)   58
   (5)   71    (6)   74    (7)   67    (8)   61    (9)   67
342! --
   (0)  155    (1)   56    (2)   61    (3)   72    (4)   59
   (5)   68    (6)   63    (7)   59    (8)   69    (9)   58
343! --
   (0)  144    (1)   63    (2)   70    (3)   59    (4)   75
   (5)   64    (6)   60    (7)   75    (8)   58    (9)   55
344! --
   (0)  150    (1)   66    (2)   66    (3)   77    (4)   56
   (5)   56    (6)   69    (7)   50    (8)   68    (9)   67
345! --
   (0)  160    (1)   53    (2)   60    (3)   62    (4)   57
   (5)   80    (6)   55    (7)   66    (8)   78    (9)   57
346! --
   (0)  144    (1)   77    (2)   65    (3)   68    (4)   67
   (5)   72    (6)   57    (7)   70    (8)   53    (9)   57
347! --
   (0)  159    (1)   59    (2)   65    (3)   68    (4)   73
   (5)   60    (6)   67    (7)   61    (8)   59    (9)   62
348! --
   (0)  149    (1)   60    (2)   62    (3)   61    (4)   67
   (5)   68    (6)   74    (7)   66    (8)   72    (9)   57
349! --
   (0)  147    (1)   80    (2)   62    (3)   61    (4)   64
   (5)   61    (6)   62    (7)   56    (8)   83    (9)   62
350! --
   (0)  143    (1)   73    (2)   59    (3)   67    (4)   76
   (5)   71    (6)   61    (7)   62    (8)   60    (9)   69
351! --
   (0)  158    (1)   65    (2)   65    (3)   71    (4)   74
   (5)   65    (6)   60    (7)   62    (8)   68    (9)   55
352! --
   (0)  147    (1)   58    (2)   61    (3)   56    (4)   65
   (5)   69    (6)   85    (7)   59    (8)   67    (9)   79
353! --
   (0)  166    (1)   72    (2)   69    (3)   64    (4)   59
   (5)   74    (6)   67    (7)   49    (8)   61    (9)   67
354! --
   (0)  163    (1)   60    (2)   63    (3)   67    (4)   81
   (5)   70    (6)   66    (7)   52    (8)   57    (9)   72
355! --
   (0)  153    (1)   54    (2)   74    (3)   65    (4)   71
   (5)   55    (6)   70    (7)   65    (8)   76    (9)   70
356! --
   (0)  158    (1)   60    (2)   63    (3)   67    (4)   89
   (5)   71    (6)   66    (7)   60    (8)   60    (9)   62
357! --
   (0)  172    (1)   57    (2)   65    (3)   58    (4)   70
   (5)   68    (6)   65    (7)   78    (8)   63    (9)   62
358! --
   (0)  162    (1)   66    (2)   64    (3)   76    (4)   61
   (5)   74    (6)   71    (7)   50    (8)   66    (9)   71
359! --
   (0)  150    (1)   73    (2)   72    (3)   58    (4)   71
   (5)   52    (6)   77    (7)   68    (8)   73    (9)   70
360! --
   (0)  166    (1)   55    (2)   62    (3)   75    (4)   73
   (5)   73    (6)   65    (7)   65    (8)   70    (9)   62
361! --
   (0)  157    (1)   62    (2)   71    (3)   80    (4)   69
   (5)   72    (6)   66    (7)   71    (8)   65    (9)   56
362! --
   (0)  161    (1)   67    (2)   72    (3)   57    (4)   72
   (5)   69    (6)   66    (7)   77    (8)   60    (9)   70
363! --
   (0)  155    (1)   65    (2)   83    (3)   77    (4)   58
   (5)   57    (6)   73    (7)   75    (8)   61    (9)   70
364! --
   (0)  158    (1)   69    (2)   61    (3)   74    (4)   74
   (5)   74    (6)   59    (7)   70    (8)   69    (9)   68
365! --
   (0)  166    (1)   76    (2)   54    (3)   64    (4)   72
   (5)   69    (6)   69    (7)   60    (8)   70    (9)   79
366! --
   (0)  160    (1)   93    (2)   58    (3)   60    (4)   74
   (5)   81    (6)   58    (7)   64    (8)   59    (9)   74
