911642
526227
0
648051200
1
23520
31436440
868860
3232320
54
7684389
1244544
1
2935638
0
2766141
63150
0
3900
4
1
44702846480
210984
0
184
315
32550
0
100
0
3
6961048640
0
10080
3
41328
800
2
652640
224580
45100800
2247870
0
16936776
2
685811
1
240916572
20903616
42617289990
0
0
9603125
5
0
191249823030
3
0
18
128321298
0
0
0
4720
1
212652
55477800
1
6289095978664
36
0
1288
0
0
0
1685919840
0
1
209
0
49
36266679504
6589022160
1
100044143358960
102
0
0
296209228315
30600
372
1
36950
0
0
297696
1
0
264
0
0
0
1
116565536032
467843350146
1414873152
0
16170
608
2642
1
0
37780116100
2
0
5
0
3984
7661804626840
66
0
1543039260
0
1258
0
123866512
1
0
464940
0
12
279783268380
6669664000
1
0
3026022480
60
1120
16
499202298
48060
3044381319
0
107028
43
5948830024542
0
280
2642
0
2851035512094
15856
5102944
69
12474
225935360
66
1
16373775
0
2
0
4082337
30
3297466297774
1
182075440624
0
108
44
184
58453480
20793594
0
0
89315951576
585
2
2
128090
184
29040
0
184
0
1
2247870
6030
296534432250
17600
34151450496
1743548950
18821632
18000
0
209246730
0
0
1570681530
1
1026
1755468
18206921304
45514
50538012
0
0
24192
6996144960
0
19250759880
2
140246253
0
37787819844
11
0
0
0
0
1
0
2538
0
4
1308978792
390265584408
28
0
492860440710
44
60349590
0
0
50538012
372
145392000
311495674
0
63
0
271302048
592338
0
0
235727892
30
8848560
5510
0
1
1
0
0
0
0
50513484168
128090
1617
0
0
85332480
0
495
585
1
20522909979
1158948
0
2
564656389920
36
0
4
0
4
0
0
577912024460656
0
0
16
12
180
55
0
973845
0
16
5784
234732
292274784
15059408170
0
20029725954
0
1
2
2642
20
128632056
0
7922992
117344240
10
1
184
0
0
7204485
12907
71604
14
1
7392
22
1
102
0
57036
1
8585
6193770786
107028
1
11968068
248970800
0
62160
227776864890
108
1
1
1
48665313
5927376
196
1
938736
185740360
6
4
333036
107152
541008
1
0
0
117938128
3591234360
106642
1
2255020
364168
251527279410
0
1
144
247960176
330074745
0
17844246
378507990
6075234144
1
16
410655
86626911
117997418
5929
29550
324198
0
0
2215
2475
0
32152844160
1588968
0
5749128
60
98514320817360
0
1
0
4860
716566
70
2
7
2430
21600
0
1
194544
0
1363056000
757258060608
6327
1
35280078750
1
1182650
0
0
75
42563122173
98112314415
1
0
3
0
1
2496
17800103424
400
0
1
39352041234
1
0
3
0
17713200
1617
0
0
1
0
7461775169856
908841384
0
604
1184954954536
0
481430142
2642
40403248421734
255968
0
2725320
44
9
1
2
2
0
135599628
12088692
50969104
49347045072
936
195228136675
0
390
63
0
7048914
0
0
1
0
0
0
0
3126
1317720960
16710
1
3330
0
99918
8274804454800
0
36414
3072288176
399
2165952
0
35278826508
1
0
1
360802464
0
0
3240
24
1
2
184
0
4562316
1250480
8711640
0
21600
0
0
165960
36
7781184
0
0
11543400
184
0
0
1224720
1322117981
270
250643209410
2781163104
5976
399060
756
0
2
1201282313883
30
0
0
0
2
0
0
0
0
0
11355960
1
0
444391542
184
2
1
22696209911206174
7510
40332444156
399950
2
0
11513040
49140832884
3334940
2
1
0
6
0
2
11244288
0
0
44
0
218
78
1584
0
0
38016878040
350286
6148352
31816512720
9
0
0
1
114007572
736
8
6732
36
0
0
2912364
45
35640
184
252122359500
124635891
0
0
6
0
42336
6750
14720
117
5528
576198
12476576
2
72
32087510
0
505360819040
509363200
0
2640960
17376
2820
5784
1848000
0
4650
0
9810384
10
1
2520
0
2
135
15918120
168
47965986999
0
36
0
260430
441000
0
0
1
0
16
6194232
74323200
16437895152
0
0
5822694030744
2
16
184
29554632
97113895940304
1456224
0
345
10650
169452
59960320
4095
1
255966912
0
96896448
0
1958681898
196
0
1
0
2
1
0
592
160071096
30
0
62230
0
