1
2
3
4
5
6
7
8
9
10
11
12
13
14
15
16
17
18
19
20
21
22
23
24
25
26
27
28
29
30
31
32
33
34
35
36
37
38
39
40
41
42
43
44
45
46
47
48
49
50
51
52
53
54
55
56
57
58
59
60
61
62
63
64
65
66
67
68
69
70
71
72
73
74
75
76
77
78
79
80
81
82
83
84
85
86
87
88
89
90
91
92
93
94
95
96
97
98
99
100
101
102
103
104
105
106
107
108
109
110
111
112
113
114
115
116
117
118
119
120
121
122
123
124
125
126
127
128
129
130
131
132
133
134
135
136
137
138
139
140
141
142
143
144
145
146
147
148
149
150
151
152
153
154
155
156
157
158
159
160
161
162
163
164
165
166
167
168
169
170
171
172
173
174
175
176
177
178
179
180
181
182
183
184
185
186
187
188
189
190
191
192
193
194
195
196
197
198
199
200
201
202
203
204
205
206
207
208
209
210
211
212
213
214
215
216
217
218
219
220
221
222
223
224
225
226
227
228
229
230
231
232
233
234
235
236
237
238
239
240
241
242
243
244
245
246
247
248
249
250
251
252
253
254
255
256
257
258
259
260
261
262
263
264
265
266
267
268
269
270
271
272
273
274
275
276
277
278
279
280
281
282
283
284
285
286
287
288
289
290
291
292
293
294
295
296
297
298
299
300
301
302
303
304
305
306
307
308
309
310
311
312
313
314
315
316
317
318
319
320
321
322
323
324
325
326
327
328
329
330
331
332
333
334
335
336
337
338
339
340
341
342
343
344
345
346
347
348
349
350
351
352
353
354
355
356
357
358
359
360
361
362
363
364
365
366
367
368
369
370
371
372
373
374
375
376
377
378
379
380
381
382
383
384
385
386
387
388
389
390
391
392
393
394
395
396
397
398
399
400
401
402
403
404
405
406
407
408
409
410
411
412
413
414
415
416
417
418
419
420
421
422
423
424
425
426
427
428
429
430
431
432
433
434
435
436
437
438
439
440
441
442
443
444
445
446
447
448
449
450
451
452
453
454
455
456
457
458
459
460
461
462
463
464
465
466
467
468
469
470
471
472
473
474
475
476
477
478
479
480
481
482
483
484
485
486
487
488
489
490
491
492
493
494
495
496
497
498
499
500
501
502
503
504
505
506
507
508
509
510
511
512
513
514
515
516
517
518
519
520
521
522
523
524
525
526
527
528
529
530
531
532
533
534
535
536
537
538
539
540
541
542
543
544
545
546
547
548
549
550
551
552
553
554
555
556
557
558
559
560
561
562
563
564
565
566
567
568
569
570
571
572
573
574
575
576
577
578
579
580
581
582
583
584
585
586
587
588
589
590
591
592
593
594
595
596
597
598
599
600
601
602
603
604
605
606
607
608
609
610
611
612
613
614
615
616
617
618
619
620
621
622
623
624
625
626
627
628
629
630
631
632
633
634
635
636
637
638
639
640
641
642
643
644
645
646
647
648
649
650
651
652
653
654
655
656
657
658
659
660
661
662
663
664
665
666
667
668
669
670
671
672
673
674
675
676
677
678
679
680
681
682
683
684
685
686
687
688
689
690
691
692
693
694
695
696
697
698
699
700
701
702
703
704
705
706
707
708
709
710
711
712
713
714
715
716
717
718
719
720
721
722
723
724
725
726
727
728
729
730
731
732
733
734
735
736
737
738
739
740
741
742
743
744
745
746
747
748
749
750
751
752
753
754
755
756
757
758
759
760
761
762
763
764
765
766
767
768
769
770
771
772
773
774
775
776
777
778
779
780
781
782
783
784
785
786
787
788
789
790
791
792
793
794
795
796
797
798
799
800
801
802
803
804
805
806
807
808
809
810
811
812
813
814
815
816
817
818
819
820
821
822
823
824
825
826
827
828
829
830
831
832
833
834
835
836
837
838
839
840
841
842
843
844
845
846
847
848
849
850
851
852
853
854
855
856
857
858
859
860
861
862
863
864
865
866
867
868
869
870
871
872
873
874
875
876
877
878
879
880
881
882
883
884
885
886
887
888
889
890
891
892
893
894
895
896
897
898
899
900
901
902
903
904
905
906
907
908
909
910
911
912
913
914
915
916
917
918
919
920
921
922
923
924
925
926
927
928
929
930
931
932
933
934
935
936
937
938
939
940
941
942
943
944
945
946
947
948
949
950
951
952
953
954
955
956
957
958
959
960
961
962
963
964
965
966
967
968
969
970
971
972
973
974
975
976
977
978
979
980
981
982
983
984
985
986
987
988
989
990
991
992
993
994
995
996
997
998
999
1000
1001
1002
1003
1004
1005
1006
1007
1008
1009
1010
1011
1012
1013
1014
1015
1016
1017
1018
1019
1020
1021
1022
1023
1024
1025
1026
1027
1028
1029
1030
1031
1032
1033
1034
1035
1036
1037
1038
1039
1040
1041
1042
1043
1044
1045
1046
1047
1048
1049
1050
1051
1052
1053
1054
1055
1056
1057
1058
1059
1060
1061
1062
1063
1064
1065
1066
1067
1068
1069
1070
1071
1072
1073
1074
1075
1076
1077
1078
1079
1080
1081
1082
1083
1084
1085
1086
1087
1088
1089
1090
1091
1092
1093
1094
1095
1096
1097
1098
1099
1100
1101
1102
1103
1104
1105
1106
1107
1108
1109
1110
1111
1112
1113
1114
1115
1116
1117
1118
1119
1120
1121
1122
1123
1124
1125
1126
1127
1128
1129
1130
1131
1132
1133
1134
1135
1136
1137
1138
1139
1140
1141
1142
1143
1144
1145
1146
1147
1148
1149
1150
1151
1152
1153
1154
1155
1156
1157
1158
1159
1160
1161
1162
1163
1164
1165
1166
1167
1168
1169
1170
1171
1172
1173
1174
1175
1176
1177
1178
1179
1180
1181
1182
1183
1184
1185
1186
1187
1188
1189
1190
1191
1192
1193
1194
1195
1196
1197
1198
1199
1200
1201
1202
1203
1204
1205
1206
1207
1208
1209
1210
1211
1212
1213
1214
1215
1216
1217
1218
1219
1220
1221
1222
1223
1224
1225
1226
1227
1228
1229
1230
1231
1232
1233
1234
1235
1236
1237
1238
1239
1240
1241
1242
1243
1244
1245
1246
1247
1248
1249
1250
1251
1252
1253
1254
1255
1256
1257
1258
1259
1260
1261
1262
1263
1264
1265
1266
1267
1268
1269
1270
1271
1272
1273
1274
1275
1276
1277
1278
1279
1280
1281
1282
1283
1284
1285
1286
1287
1288
1289
1290
1291
1292
1293
1294
1295
1296
1297
1298
1299
1300
1301
1302
1303
1304
1305
1306
1307
1308
1309
1310
1311
1312
1313
1314
1315
1316
1317
1318
1319
1320
1321
1322
1323
1324
1325
1326
1327
1328
1329
1330
1331
1332
1333
1334
1335
1336
1337
1338
1339
1340
1341
1342
1343
1344
1345
1346
1347
1348
1349
1350
1351
1352
1353
1354
1355
1356
1357
1358
1359
1360
1361
1362
1363
1364
1365
1366
1367
1368
1369
1370
1371
1372
1373
1374
1375
1376
1377
1378
1379
1380
1381
1382
1383
1384
1385
1386
1387
1388
1389
1390
1391
1392
1393
1394
1395
1396
1397
1398
1399
1400
1401
1402
1403
1404
1405
1406
1407
1408
1409
1410
1411
1412
1413
1414
1415
1416
1417
1418
1419
1420
1421
1422
1423
1424
1425
1426
1427
1428
1429
1430
1431
1432
1433
1434
1435
1436
1437
1438
1439
1440
1441
1442
1443
1444
1445
1446
1447
1448
1449
1450
1451
1452
1453
1454
1455
1456
1457
1458
1459
1460
1461
1462
1463
1464
1465
1466
1467
1468
1469
1470
1471
1472
1473
1474
1475
1476
1477
1478
1479
1480
1481
1482
1483
1484
1485
1486
1487
1488
1489
1490
1491
1492
1493
1494
1495
1496
1497
1498
1499
1500
1501
1502
1503
1504
1505
1506
1507
1508
1509
1510
1511
1512
1513
1514
1515
1516
1517
1518
1519
1520
1521
1522
1523
1524
1525
1526
1527
1528
1529
1530
1531
1532
1533
1534
1535
1536
1537
1538
1539
1540
1541
1542
1543
1544
1545
1546
1547
1548
1549
1550
1551
1552
1553
1554
1555
1556
1557
1558
1559
1560
1561
1562
1563
1564
1565
1566
1567
1568
1569
1570
1571
1572
1573
1574
1575
1576
1577
1578
1579
1580
1581
1582
1583
1584
1585
1586
1587
1588
1589
1590
1591
1592
1593
1594
1595
1596
1597
1598
1599
1600
1601
1602
1603
1604
1605
1606
1607
1608
1609
1610
1611
1612
1613
1614
1615
1616
1617
1618
1619
1620
1621
1622
1623
1624
1625
1626
1627
1628
1629
1630
1631
1632
1633
1634
1635
1636
1637
1638
1639
1640
1641
1642
1643
1644
1645
1646
1647
1648
1649
1650
1651
1652
1653
1654
1655
1656
1657
1658
1659
1660
1661
1662
1663
1664
1665
1666
1667
1668
1669
1670
1671
1672
1673
1674
1675
1676
1677
1678
1679
1680
1681
1682
1683
1684
1685
1686
1687
1688
1689
1690
1691
1692
1693
1694
1695
1696
1697
1698
1699
1700
1701
1702
1703
1704
1705
1706
1707
1708
1709
1710
1711
1712
1713
1714
1715
1716
1717
1718
1719
1720
1721
1722
1723
1724
1725
1726
1727
1728
1729
1730
1731
1732
1733
1734
1735
1736
1737
1738
1739
1740
1741
1742
1743
1744
1745
1746
1747
1748
1749
1750
1751
1752
1753
1754
1755
1756
1757
1758
1759
1760
1761
1762
1763
1764
1765
1766
1767
1768
1769
1770
1771
1772
1773
1774
1775
1776
1777
1778
1779
1780
1781
1782
1783
1784
1785
1786
1787
1788
1789
1790
1791
1792
1793
1794
1795
1796
1797
1798
1799
1800
1801
1802
1803
1804
1805
1806
1807
1808
1809
1810
1811
1812
1813
1814
1815
1816
1817
1818
1819
1820
1821
1822
1823
1824
1825
1826
1827
1828
1829
1830
1831
1832
1833
1834
1835
1836
1837
1838
1839
1840
1841
1842
1843
1844
1845
1846
1847
1848
1849
1850
1851
1852
1853
1854
1855
1856
1857
1858
1859
1860
1861
1862
1863
1864
1865
1866
1867
1868
1869
1870
1871
1872
1873
1874
1875
1876
1877
1878
1879
1880
1881
1882
1883
1884
1885
1886
1887
1888
1889
1890
1891
1892
1893
1894
1895
1896
1897
1898
1899
1900
1901
1902
1903
1904
1905
1906
1907
1908
1909
1910
1911
1912
1913
1914
1915
1916
1917
1918
1919
1920
1921
1922
1923
1924
1925
1926
1927
1928
1929
1930
1931
1932
1933
1934
1935
1936
1937
1938
1939
1940
1941
1942
1943
1944
1945
1946
1947
1948
1949
1950
1951
1952
1953
1954
1955
1956
1957
1958
1959
1960
1961
1962
1963
1964
1965
1966
1967
1968
1969
1970
1971
1972
1973
1974
1975
1976
1977
1978
1979
1980
1981
1982
1983
1984
1985
1986
1987
1988
1989
1990
1991
1992
1993
1994
1995
1996
1997
1998
1999
2000
2000000000
1999999999
1999999998
1999999997
1999999996
1999999995
1999999994
1999999993
1999999992
1999999991
1999999990
1999999989
1999999988
1999999987
1999999986
1999999985
1999999984
1999999983
1999999982
1999999981
1999999980
1999999979
1999999978
1999999977
1999999976
1999999975
1999999974
1999999973
1999999972
1999999971
1999999970
1999999969
1999999968
1999999967
1999999966
1999999965
1999999964
1999999963
1999999962
1999999961
1999999960
1999999959
1999999958
1999999957
1999999956
1999999955
1999999954
1999999953
1999999952
1999999951
1999999950
1999999949
1999999948
1999999947
1999999946
1999999945
1999999944
1999999943
1999999942
1999999941
1999999940
1999999939
1999999938
1999999937
1999999936
1999999935
1999999934
1999999933
1999999932
1999999931
1999999930
1999999929
1999999928
1999999927
1999999926
1999999925
1999999924
1999999923
1999999922
1999999921
1999999920
1999999919
1999999918
1999999917
1999999916
1999999915
1999999914
1999999913
1999999912
1999999911
1999999910
1999999909
1999999908
1999999907
1999999906
1999999905
1999999904
1999999903
1999999902
1999999901
1999999900
1999999899
1999999898
1999999897
1999999896
1999999895
1999999894
1999999893
1999999892
1999999891
1999999890
1999999889
1999999888
1999999887
1999999886
1999999885
1999999884
1999999883
1999999882
1999999881
1999999880
1999999879
1999999878
1999999877
1999999876
1999999875
1999999874
1999999873
1999999872
1999999871
1999999870
1999999869
1999999868
1999999867
1999999866
1999999865
1999999864
1999999863
1999999862
1999999861
1999999860
1999999859
1999999858
1999999857
1999999856
1999999855
1999999854
1999999853
1999999852
1999999851
1999999850
1999999849
1999999848
1999999847
1999999846
1999999845
1999999844
1999999843
1999999842
1999999841
1999999840
1999999839
1999999838
1999999837
1999999836
1999999835
1999999834
1999999833
1999999832
1999999831
1999999830
1999999829
1999999828
1999999827
1999999826
1999999825
1999999824
1999999823
1999999822
1999999821
1999999820
1999999819
1999999818
1999999817
1999999816
1999999815
1999999814
1999999813
1999999812
1999999811
1999999810
1999999809
1999999808
1999999807
1999999806
1999999805
1999999804
1999999803
1999999802
1999999801
1999999800
1999999799
1999999798
1999999797
1999999796
1999999795
1999999794
1999999793
1999999792
1999999791
1999999790
1999999789
1999999788
1999999787
1999999786
1999999785
1999999784
1999999783
1999999782
1999999781
1999999780
1999999779
1999999778
1999999777
1999999776
1999999775
1999999774
1999999773
1999999772
1999999771
1999999770
1999999769
1999999768
1999999767
1999999766
1999999765
1999999764
1999999763
1999999762
1999999761
1999999760
1999999759
1999999758
1999999757
1999999756
1999999755
1999999754
1999999753
1999999752
1999999751
1999999750
1999999749
1999999748
1999999747
1999999746
1999999745
1999999744
1999999743
1999999742
1999999741
1999999740
1999999739
1999999738
1999999737
1999999736
1999999735
1999999734
1999999733
1999999732
1999999731
1999999730
1999999729
1999999728
1999999727
1999999726
1999999725
1999999724
1999999723
1999999722
1999999721
1999999720
1999999719
1999999718
1999999717
1999999716
1999999715
1999999714
1999999713
1999999712
1999999711
1999999710
1999999709
1999999708
1999999707
1999999706
1999999705
1999999704
1999999703
1999999702
1999999701
1999999700
1999999699
1999999698
1999999697
1999999696
1999999695
1999999694
1999999693
1999999692
1999999691
1999999690
1999999689
1999999688
1999999687
1999999686
1999999685
1999999684
1999999683
1999999682
1999999681
1999999680
1999999679
1999999678
1999999677
1999999676
1999999675
1999999674
1999999673
1999999672
1999999671
1999999670
1999999669
1999999668
1999999667
1999999666
1999999665
1999999664
1999999663
1999999662
1999999661
1999999660
1999999659
1999999658
1999999657
1999999656
1999999655
1999999654
1999999653
1999999652
1999999651
1999999650
1999999649
1999999648
1999999647
1999999646
1999999645
1999999644
1999999643
1999999642
1999999641
1999999640
1999999639
1999999638
1999999637
1999999636
1999999635
1999999634
1999999633
1999999632
1999999631
1999999630
1999999629
1999999628
1999999627
1999999626
1999999625
1999999624
1999999623
1999999622
1999999621
1999999620
1999999619
1999999618
1999999617
1999999616
1999999615
1999999614
1999999613
1999999612
1999999611
1999999610
1999999609
1999999608
1999999607
1999999606
1999999605
1999999604
1999999603
1999999602
1999999601
1999999600
1999999599
1999999598
1999999597
1999999596
1999999595
1999999594
1999999593
1999999592
1999999591
1999999590
1999999589
1999999588
1999999587
1999999586
1999999585
1999999584
1999999583
1999999582
1999999581
1999999580
1999999579
1999999578
1999999577
1999999576
1999999575
1999999574
1999999573
1999999572
1999999571
1999999570
1999999569
1999999568
1999999567
1999999566
1999999565
1999999564
1999999563
1999999562
1999999561
1999999560
1999999559
1999999558
1999999557
1999999556
1999999555
1999999554
1999999553
1999999552
1999999551
1999999550
1999999549
1999999548
1999999547
1999999546
1999999545
1999999544
1999999543
1999999542
1999999541
1999999540
1999999539
1999999538
1999999537
1999999536
1999999535
1999999534
1999999533
1999999532
1999999531
1999999530
1999999529
1999999528
1999999527
1999999526
1999999525
1999999524
1999999523
1999999522
1999999521
1999999520
1999999519
1999999518
1999999517
1999999516
1999999515
1999999514
1999999513
1999999512
1999999511
1999999510
1999999509
1999999508
1999999507
1999999506
1999999505
1999999504
1999999503
1999999502
1999999501
1999999500
1999999499
1999999498
1999999497
1999999496
1999999495
1999999494
1999999493
1999999492
1999999491
1999999490
1999999489
1999999488
1999999487
1999999486
1999999485
1999999484
1999999483
1999999482
1999999481
1999999480
1999999479
1999999478
1999999477
1999999476
1999999475
1999999474
1999999473
1999999472
1999999471
1999999470
1999999469
1999999468
1999999467
1999999466
1999999465
1999999464
1999999463
1999999462
1999999461
1999999460
1999999459
1999999458
1999999457
1999999456
1999999455
1999999454
1999999453
1999999452
1999999451
1999999450
1999999449
1999999448
1999999447
1999999446
1999999445
1999999444
1999999443
1999999442
1999999441
1999999440
1999999439
1999999438
1999999437
1999999436
1999999435
1999999434
1999999433
1999999432
1999999431
1999999430
1999999429
1999999428
1999999427
1999999426
1999999425
1999999424
1999999423
1999999422
1999999421
1999999420
1999999419
1999999418
1999999417
1999999416
1999999415
1999999414
1999999413
1999999412
1999999411
1999999410
1999999409
1999999408
1999999407
1999999406
1999999405
1999999404
1999999403
1999999402
1999999401
1999999400
1999999399
1999999398
1999999397
1999999396
1999999395
1999999394
1999999393
1999999392
1999999391
1999999390
1999999389
1999999388
1999999387
1999999386
1999999385
1999999384
1999999383
1999999382
1999999381
1999999380
1999999379
1999999378
1999999377
1999999376
1999999375
1999999374
1999999373
1999999372
1999999371
1999999370
1999999369
1999999368
1999999367
1999999366
1999999365
1999999364
1999999363
1999999362
1999999361
1999999360
1999999359
1999999358
1999999357
1999999356
1999999355
1999999354
1999999353
1999999352
1999999351
1999999350
1999999349
1999999348
1999999347
1999999346
1999999345
1999999344
1999999343
1999999342
1999999341
1999999340
1999999339
1999999338
1999999337
1999999336
1999999335
1999999334
1999999333
1999999332
1999999331
1999999330
1999999329
1999999328
1999999327
1999999326
1999999325
1999999324
1999999323
1999999322
1999999321
1999999320
1999999319
1999999318
1999999317
1999999316
1999999315
1999999314
1999999313
1999999312
1999999311
1999999310
1999999309
1999999308
1999999307
1999999306
1999999305
1999999304
1999999303
1999999302
1999999301
1999999300
1999999299
1999999298
1999999297
1999999296
1999999295
1999999294
1999999293
1999999292
1999999291
1999999290
1999999289
1999999288
1999999287
1999999286
1999999285
1999999284
1999999283
1999999282
1999999281
1999999280
1999999279
1999999278
1999999277
1999999276
1999999275
1999999274
1999999273
1999999272
1999999271
1999999270
1999999269
1999999268
1999999267
1999999266
1999999265
1999999264
1999999263
1999999262
1999999261
1999999260
1999999259
1999999258
1999999257
1999999256
1999999255
1999999254
1999999253
1999999252
1999999251
1999999250
1999999249
1999999248
1999999247
1999999246
1999999245
1999999244
1999999243
1999999242
1999999241
1999999240
1999999239
1999999238
1999999237
1999999236
1999999235
1999999234
1999999233
1999999232
1999999231
1999999230
1999999229
1999999228
1999999227
1999999226
1999999225
1999999224
1999999223
1999999222
1999999221
1999999220
1999999219
1999999218
1999999217
1999999216
1999999215
1999999214
1999999213
1999999212
1999999211
1999999210
1999999209
1999999208
1999999207
1999999206
1999999205
1999999204
1999999203
1999999202
1999999201
1999999200
1999999199
1999999198
1999999197
1999999196
1999999195
1999999194
1999999193
1999999192
1999999191
1999999190
1999999189
1999999188
1999999187
1999999186
1999999185
1999999184
1999999183
1999999182
1999999181
1999999180
1999999179
1999999178
1999999177
1999999176
1999999175
1999999174
1999999173
1999999172
1999999171
1999999170
1999999169
1999999168
1999999167
1999999166
1999999165
1999999164
1999999163
1999999162
1999999161
1999999160
1999999159
1999999158
1999999157
1999999156
1999999155
1999999154
1999999153
1999999152
1999999151
1999999150
1999999149
1999999148
1999999147
1999999146
1999999145
1999999144
1999999143
1999999142
1999999141
1999999140
1999999139
1999999138
1999999137
1999999136
1999999135
1999999134
1999999133
1999999132
1999999131
1999999130
1999999129
1999999128
1999999127
1999999126
1999999125
1999999124
1999999123
1999999122
1999999121
1999999120
1999999119
1999999118
1999999117
1999999116
1999999115
1999999114
1999999113
1999999112
1999999111
1999999110
1999999109
1999999108
1999999107
1999999106
1999999105
1999999104
1999999103
1999999102
1999999101
1999999100
1999999099
1999999098
1999999097
1999999096
1999999095
1999999094
1999999093
1999999092
1999999091
1999999090
1999999089
1999999088
1999999087
1999999086
1999999085
1999999084
1999999083
1999999082
1999999081
1999999080
1999999079
1999999078
1999999077
1999999076
1999999075
1999999074
1999999073
1999999072
1999999071
1999999070
1999999069
1999999068
1999999067
1999999066
1999999065
1999999064
1999999063
1999999062
1999999061
1999999060
1999999059
1999999058
1999999057
1999999056
1999999055
1999999054
1999999053
1999999052
1999999051
1999999050
1999999049
1999999048
1999999047
1999999046
1999999045
1999999044
1999999043
1999999042
1999999041
1999999040
1999999039
1999999038
1999999037
1999999036
1999999035
1999999034
1999999033
1999999032
1999999031
1999999030
1999999029
1999999028
1999999027
1999999026
1999999025
1999999024
1999999023
1999999022
1999999021
1999999020
1999999019
1999999018
1999999017
1999999016
1999999015
1999999014
1999999013
1999999012
1999999011
1999999010
1999999009
1999999008
1999999007
1999999006
1999999005
1999999004
1999999003
1999999002
1999999001
1999999000
1999998999
1999998998
1999998997
1999998996
1999998995
1999998994
1999998993
1999998992
1999998991
1999998990
1999998989
1999998988
1999998987
1999998986
1999998985
1999998984
1999998983
1999998982
1999998981
1999998980
1999998979
1999998978
1999998977
1999998976
1999998975
1999998974
1999998973
1999998972
1999998971
1999998970
1999998969
1999998968
1999998967
1999998966
1999998965
1999998964
1999998963
1999998962
1999998961
1999998960
1999998959
1999998958
1999998957
1999998956
1999998955
1999998954
1999998953
1999998952
1999998951
1999998950
1999998949
1999998948
1999998947
1999998946
1999998945
1999998944
1999998943
1999998942
1999998941
1999998940
1999998939
1999998938
1999998937
1999998936
1999998935
1999998934
1999998933
1999998932
1999998931
1999998930
1999998929
1999998928
1999998927
1999998926
1999998925
1999998924
1999998923
1999998922
1999998921
1999998920
1999998919
1999998918
1999998917
1999998916
1999998915
1999998914
1999998913
1999998912
1999998911
1999998910
1999998909
1999998908
1999998907
1999998906
1999998905
1999998904
1999998903
1999998902
1999998901
1999998900
1999998899
1999998898
1999998897
1999998896
1999998895
1999998894
1999998893
1999998892
1999998891
1999998890
1999998889
1999998888
1999998887
1999998886
1999998885
1999998884
1999998883
1999998882
1999998881
1999998880
1999998879
1999998878
1999998877
1999998876
1999998875
1999998874
1999998873
1999998872
1999998871
1999998870
1999998869
1999998868
1999998867
1999998866
1999998865
1999998864
1999998863
1999998862
1999998861
1999998860
1999998859
1999998858
1999998857
1999998856
1999998855
1999998854
1999998853
1999998852
1999998851
1999998850
1999998849
1999998848
1999998847
1999998846
1999998845
1999998844
1999998843
1999998842
1999998841
1999998840
1999998839
1999998838
1999998837
1999998836
1999998835
1999998834
1999998833
1999998832
1999998831
1999998830
1999998829
1999998828
1999998827
1999998826
1999998825
1999998824
1999998823
1999998822
1999998821
1999998820
1999998819
1999998818
1999998817
1999998816
1999998815
1999998814
1999998813
1999998812
1999998811
1999998810
1999998809
1999998808
1999998807
1999998806
1999998805
1999998804
1999998803
1999998802
1999998801
1999998800
1999998799
1999998798
1999998797
1999998796
1999998795
1999998794
1999998793
1999998792
1999998791
1999998790
1999998789
1999998788
1999998787
1999998786
1999998785
1999998784
1999998783
1999998782
1999998781
1999998780
1999998779
1999998778
1999998777
1999998776
1999998775
1999998774
1999998773
1999998772
1999998771
1999998770
1999998769
1999998768
1999998767
1999998766
1999998765
1999998764
1999998763
1999998762
1999998761
1999998760
1999998759
1999998758
1999998757
1999998756
1999998755
1999998754
1999998753
1999998752
1999998751
1999998750
1999998749
1999998748
1999998747
1999998746
1999998745
1999998744
1999998743
1999998742
1999998741
1999998740
1999998739
1999998738
1999998737
1999998736
1999998735
1999998734
1999998733
1999998732
1999998731
1999998730
1999998729
1999998728
1999998727
1999998726
1999998725
1999998724
1999998723
1999998722
1999998721
1999998720
1999998719
1999998718
1999998717
1999998716
1999998715
1999998714
1999998713
1999998712
1999998711
1999998710
1999998709
1999998708
1999998707
1999998706
1999998705
1999998704
1999998703
1999998702
1999998701
1999998700
1999998699
1999998698
1999998697
1999998696
1999998695
1999998694
1999998693
1999998692
1999998691
1999998690
1999998689
1999998688
1999998687
1999998686
1999998685
1999998684
1999998683
1999998682
1999998681
1999998680
1999998679
1999998678
1999998677
1999998676
1999998675
1999998674
1999998673
1999998672
1999998671
1999998670
1999998669
1999998668
1999998667
1999998666
1999998665
1999998664
1999998663
1999998662
1999998661
1999998660
1999998659
1999998658
1999998657
1999998656
1999998655
1999998654
1999998653
1999998652
1999998651
1999998650
1999998649
1999998648
1999998647
1999998646
1999998645
1999998644
1999998643
1999998642
1999998641
1999998640
1999998639
1999998638
1999998637
1999998636
1999998635
1999998634
1999998633
1999998632
1999998631
1999998630
1999998629
1999998628
1999998627
1999998626
1999998625
1999998624
1999998623
1999998622
1999998621
1999998620
1999998619
1999998618
1999998617
1999998616
1999998615
1999998614
1999998613
1999998612
1999998611
1999998610
1999998609
1999998608
1999998607
1999998606
1999998605
1999998604
1999998603
1999998602
1999998601
1999998600
1999998599
1999998598
1999998597
1999998596
1999998595
1999998594
1999998593
1999998592
1999998591
1999998590
1999998589
1999998588
1999998587
1999998586
1999998585
1999998584
1999998583
1999998582
1999998581
1999998580
1999998579
1999998578
1999998577
1999998576
1999998575
1999998574
1999998573
1999998572
1999998571
1999998570
1999998569
1999998568
1999998567
1999998566
1999998565
1999998564
1999998563
1999998562
1999998561
1999998560
1999998559
1999998558
1999998557
1999998556
1999998555
1999998554
1999998553
1999998552
1999998551
1999998550
1999998549
1999998548
1999998547
1999998546
1999998545
1999998544
1999998543
1999998542
1999998541
1999998540
1999998539
1999998538
1999998537
1999998536
1999998535
1999998534
1999998533
1999998532
1999998531
1999998530
1999998529
1999998528
1999998527
1999998526
1999998525
1999998524
1999998523
1999998522
1999998521
1999998520
1999998519
1999998518
1999998517
1999998516
1999998515
1999998514
1999998513
1999998512
1999998511
1999998510
1999998509
1999998508
1999998507
1999998506
1999998505
1999998504
1999998503
1999998502
1999998501
1999998500
1999998499
1999998498
1999998497
1999998496
1999998495
1999998494
1999998493
1999998492
1999998491
1999998490
1999998489
1999998488
1999998487
1999998486
1999998485
1999998484
1999998483
1999998482
1999998481
1999998480
1999998479
1999998478
1999998477
1999998476
1999998475
1999998474
1999998473
1999998472
1999998471
1999998470
1999998469
1999998468
1999998467
1999998466
1999998465
1999998464
1999998463
1999998462
1999998461
1999998460
1999998459
1999998458
1999998457
1999998456
1999998455
1999998454
1999998453
1999998452
1999998451
1999998450
1999998449
1999998448
1999998447
1999998446
1999998445
1999998444
1999998443
1999998442
1999998441
1999998440
1999998439
1999998438
1999998437
1999998436
1999998435
1999998434
1999998433
1999998432
1999998431
1999998430
1999998429
1999998428
1999998427
1999998426
1999998425
1999998424
1999998423
1999998422
1999998421
1999998420
1999998419
1999998418
1999998417
1999998416
1999998415
1999998414
1999998413
1999998412
1999998411
1999998410
1999998409
1999998408
1999998407
1999998406
1999998405
1999998404
1999998403
1999998402
1999998401
1999998400
1999998399
1999998398
1999998397
1999998396
1999998395
1999998394
1999998393
1999998392
1999998391
1999998390
1999998389
1999998388
1999998387
1999998386
1999998385
1999998384
1999998383
1999998382
1999998381
1999998380
1999998379
1999998378
1999998377
1999998376
1999998375
1999998374
1999998373
1999998372
1999998371
1999998370
1999998369
1999998368
1999998367
1999998366
1999998365
1999998364
1999998363
1999998362
1999998361
1999998360
1999998359
1999998358
1999998357
1999998356
1999998355
1999998354
1999998353
1999998352
1999998351
1999998350
1999998349
1999998348
1999998347
1999998346
1999998345
1999998344
1999998343
1999998342
1999998341
1999998340
1999998339
1999998338
1999998337
1999998336
1999998335
1999998334
1999998333
1999998332
1999998331
1999998330
1999998329
1999998328
1999998327
1999998326
1999998325
1999998324
1999998323
1999998322
1999998321
1999998320
1999998319
1999998318
1999998317
1999998316
1999998315
1999998314
1999998313
1999998312
1999998311
1999998310
1999998309
1999998308
1999998307
1999998306
1999998305
1999998304
1999998303
1999998302
1999998301
1999998300
1999998299
1999998298
1999998297
1999998296
1999998295
1999998294
1999998293
1999998292
1999998291
1999998290
1999998289
1999998288
1999998287
1999998286
1999998285
1999998284
1999998283
1999998282
1999998281
1999998280
1999998279
1999998278
1999998277
1999998276
1999998275
1999998274
1999998273
1999998272
1999998271
1999998270
1999998269
1999998268
1999998267
1999998266
1999998265
1999998264
1999998263
1999998262
1999998261
1999998260
1999998259
1999998258
1999998257
1999998256
1999998255
1999998254
1999998253
1999998252
1999998251
1999998250
1999998249
1999998248
1999998247
1999998246
1999998245
1999998244
1999998243
1999998242
1999998241
1999998240
1999998239
1999998238
1999998237
1999998236
1999998235
1999998234
1999998233
1999998232
1999998231
1999998230
1999998229
1999998228
1999998227
1999998226
1999998225
1999998224
1999998223
1999998222
1999998221
1999998220
1999998219
1999998218
1999998217
1999998216
1999998215
1999998214
1999998213
1999998212
1999998211
1999998210
1999998209
1999998208
1999998207
1999998206
1999998205
1999998204
1999998203
1999998202
1999998201
1999998200
1999998199
1999998198
1999998197
1999998196
1999998195
1999998194
1999998193
1999998192
1999998191
1999998190
1999998189
1999998188
1999998187
1999998186
1999998185
1999998184
1999998183
1999998182
1999998181
1999998180
1999998179
1999998178
1999998177
1999998176
1999998175
1999998174
1999998173
1999998172
1999998171
1999998170
1999998169
1999998168
1999998167
1999998166
1999998165
1999998164
1999998163
1999998162
1999998161
1999998160
1999998159
1999998158
1999998157
1999998156
1999998155
1999998154
1999998153
1999998152
1999998151
1999998150
1999998149
1999998148
1999998147
1999998146
1999998145
1999998144
1999998143
1999998142
1999998141
1999998140
1999998139
1999998138
1999998137
1999998136
1999998135
1999998134
1999998133
1999998132
1999998131
1999998130
1999998129
1999998128
1999998127
1999998126
1999998125
1999998124
1999998123
1999998122
1999998121
1999998120
1999998119
1999998118
1999998117
1999998116
1999998115
1999998114
1999998113
1999998112
1999998111
1999998110
1999998109
1999998108
1999998107
1999998106
1999998105
1999998104
1999998103
1999998102
1999998101
1999998100
1999998099
1999998098
1999998097
1999998096
1999998095
1999998094
1999998093
1999998092
1999998091
1999998090
1999998089
1999998088
1999998087
1999998086
1999998085
1999998084
1999998083
1999998082
1999998081
1999998080
1999998079
1999998078
1999998077
1999998076
1999998075
1999998074
1999998073
1999998072
1999998071
1999998070
1999998069
1999998068
1999998067
1999998066
1999998065
1999998064
1999998063
1999998062
1999998061
1999998060
1999998059
1999998058
1999998057
1999998056
1999998055
1999998054
1999998053
1999998052
1999998051
1999998050
1999998049
1999998048
1999998047
1999998046
1999998045
1999998044
1999998043
1999998042
1999998041
1999998040
1999998039
1999998038
1999998037
1999998036
1999998035
1999998034
1999998033
1999998032
1999998031
1999998030
1999998029
1999998028
1999998027
1999998026
1999998025
1999998024
1999998023
1999998022
1999998021
1999998020
1999998019
1999998018
1999998017
1999998016
1999998015
1999998014
1999998013
1999998012
1999998011
1999998010
1999998009
1999998008
1999998007
1999998006
1999998005
1999998004
1999998003
1999998002
1999998001
1999998000
0
