1 1
2 2
3 2
4 3
5 2
6 5
7 2
8 4
9 3
10 5
11 2
12 8
13 2
14 5
15 5
16 5
17 2
18 8
19 2
20 8
21 5
22 5
23 2
24 11
25 3
26 5
27 4
28 8
29 2
30 14
31 2
32 6
33 5
34 5
35 5
36 13
37 2
38 5
39 5
40 11
41 2
42 14
43 2
44 8
45 8
46 5
47 2
48 14
49 3
50 8
51 5
52 8
53 2
54 11
55 5
56 11
57 5
58 5
59 2
60 23
61 2
62 5
63 8
64 7
65 5
66 14
67 2
68 8
69 5
70 14
71 2
72 18
73 2
74 5
75 8
76 8
77 5
78 14
79 2
80 14
81 5
82 5
83 2
84 23
85 5
86 5
87 5
88 11
89 2
90 23
91 5
92 8
93 5
94 5
95 5
96 17
97 2
98 8
99 8
100 13
101 2
102 14
103 2
104 11
105 14
106 5
107 2
108 18
109 2
110 14
111 5
112 14
113 2
114 14
115 5
116 8
117 8
118 5
119 5
120 32
121 3
122 5
123 5
124 8
125 4
126 23
127 2
128 8
129 5
130 14
131 2
132 23
133 5
134 5
135 11
136 11
137 2
138 14
139 2
140 23
141 5
142 5
143 5
144 23
145 5
146 5
147 8
148 8
149 2
150 23
151 2
152 11
153 8
154 14
155 5
156 23
157 2
158 5
159 5
160 17
161 5
162 14
163 2
164 8
165 14
166 5
167 2
168 32
169 3
170 14
171 8
172 8
173 2
174 14
175 8
176 14
177 5
178 5
179 2
180 38
181 2
182 14
183 5
184 11
185 5
186 14
187 5
188 8
189 11
190 14
191 2
192 20
193 2
194 5
195 14
196 13
197 2
198 23
199 2
200 18
201 5
202 5
203 5
204 23
205 5
206 5
207 8
208 14
209 5
210 41
211 2
212 8
213 5
214 5
215 5
216 25
217 5
218 5
219 5
220 23
221 5
222 14
223 2
224 17
225 13
226 5
227 2
228 23
229 2
230 14
231 14
232 11
233 2
234 23
235 5
236 8
237 5
238 14
239 2
240 41
241 2
242 8
243 6
244 8
245 8
246 14
247 5
248 11
249 5
250 11
251 2
252 38
253 5
254 5
255 14
256 9
257 2
258 14
259 5
260 23
261 8
262 5
263 2
264 32
265 5
266 14
267 5
268 8
269 2
270 32
271 2
272 14
273 14
274 5
275 8
276 23
277 2
278 5
279 8
280 32
281 2
282 14
283 2
284 8
285 14
286 14
287 5
288 28
289 3
290 14
291 5
292 8
293 2
294 23
295 5
296 11
297 11
298 5
299 5
300 38
301 5
302 5
303 5
304 14
305 5
306 23
307 2
308 23
309 5
310 14
311 2
312 32
313 2
314 5
315 23
316 8
317 2
318 14
319 5
320 20
321 5
322 14
323 5
324 23
325 8
326 5
327 5
328 11
329 5
330 41
331 2
332 8
333 8
334 5
335 5
336 41
337 2
338 8
339 5
340 23
341 5
342 23
343 4
344 11
345 14
346 5
347 2
348 23
349 2
350 23
351 11
352 17
353 2
354 14
355 5
356 8
357 14
358 5
359 2
360 53
361 3
362 5
363 8
364 23
365 5
366 14
367 2
368 14
369 8
370 14
371 5
372 23
373 2
374 14
375 11
376 11
377 5
378 32
379 2
380 23
381 5
382 5
383 2
384 23
385 14
386 5
387 8
388 8
389 2
390 41
391 5
392 18
393 5
394 5
395 5
396 38
397 2
398 5
399 14
400 23
401 2
402 14
403 5
404 8
405 14
406 14
407 5
408 32
409 2
410 14
411 5
412 8
413 5
414 23
415 5
416 17
417 5
418 14
419 2
420 68
421 2
422 5
423 8
424 11
425 8
426 14
427 5
428 8
429 14
430 14
431 2
432 32
433 2
434 14
435 14
436 8
437 5
438 14
439 2
440 32
441 13
442 14
443 2
444 23
445 5
446 5
447 5
448 20
449 2
450 38
451 5
452 8
453 5
454 5
455 14
456 32
457 2
458 5
459 11
460 23
461 2
462 41
463 2
464 14
465 14
466 5
467 2
468 38
469 5
470 14
471 5
472 11
473 5
474 14
475 8
476 23
477 8
478 5
479 2
480 50
481 5
482 5
483 14
484 13
485 5
486 17
487 2
488 11
489 5
490 23
491 2
492 23
493 5
494 14
495 23
496 14
497 5
498 14
499 2
500 18
501 5
502 5
503 2
504 53
505 5
506 14
507 8
508 8
509 2
510 41
511 5
512 10
513 11
514 5
515 5
516 23
517 5
518 14
519 5
520 32
521 2
522 23
523 2
524 8
525 23
526 5
527 5
528 41
529 3
530 14
531 8
532 23
533 5
534 14
535 5
536 11
537 5
538 5
539 8
540 53
541 2
542 5
543 5
544 17
545 5
546 41
547 2
548 8
549 8
550 23
551 5
552 32
553 5
554 5
555 14
556 8
557 2
558 23
559 5
560 41
561 14
562 5
563 2
564 23
565 5
566 5
567 14
568 11
569 2
570 41
571 2
572 23
573 5
574 14
575 8
576 33
577 2
578 8
579 5
580 23
581 5
582 14
583 5
584 11
585 23
586 5
587 2
588 38
589 5
590 14
591 5
592 14
593 2
594 32
595 14
596 8
597 5
598 14
599 2
600 53
601 2
602 14
603 8
604 8
605 8
606 14
607 2
608 17
609 14
610 14
611 5
612 38
613 2
614 5
615 14
616 32
617 2
618 14
619 2
620 23
621 11
622 5
623 5
624 41
625 5
626 5
627 14
628 8
629 5
630 68
631 2
632 11
633 5
634 5
635 5
636 23
637 8
638 14
639 8
640 23
641 2
642 14
643 2
644 23
645 14
646 14
647 2
648 32
649 5
650 23
651 14
652 8
653 2
654 14
655 5
656 14
657 8
658 14
659 2
660 68
661 2
662 5
663 14
664 11
665 14
666 23
667 5
668 8
669 5
670 14
671 5
672 50
673 2
674 5
675 18
676 13
677 2
678 14
679 5
680 32
681 5
682 14
683 2
684 38
685 5
686 11
687 5
688 14
689 5
690 41
691 2
692 8
693 23
694 5
695 5
696 32
697 5
698 5
699 5
700 38
701 2
702 32
703 5
704 20
705 14
706 5
707 5
708 23
709 2
710 14
711 8
712 11
713 5
714 41
715 14
716 8
717 5
718 5
719 2
720 68
721 5
722 8
723 5
724 8
725 8
726 23
727 2
728 32
729 7
730 14
731 5
732 23
733 2
734 5
735 23
736 17
737 5
738 23
739 2
740 23
741 14
742 14
743 2
744 32
745 5
746 5
747 8
748 23
749 5
750 32
751 2
752 14
753 5
754 14
755 5
756 53
757 2
758 5
759 14
760 32
761 2
762 14
763 5
764 8
765 23
766 5
767 5
768 26
769 2
770 41
771 5
772 8
773 2
774 23
775 8
776 11
777 14
778 5
779 5
780 68
781 5
782 14
783 11
784 23
785 5
786 14
787 2
788 8
789 5
790 14
791 5
792 53
793 5
794 5
795 14
796 8
797 2
798 41
799 5
800 28
801 8
802 5
803 5
804 23
805 14
806 14
807 5
808 11
809 2
810 41
811 2
812 23
813 5
814 14
815 5
816 41
817 5
818 5
819 23
820 23
821 2
822 14
823 2
824 11
825 23
826 14
827 2
828 38
829 2
830 14
831 5
832 20
833 8
834 14
835 5
836 23
837 11
838 5
839 2
840 95
841 3
842 5
843 5
844 8
845 8
846 23
847 8
848 14
849 5
850 23
851 5
852 23
853 2
854 14
855 23
856 11
857 2
858 41
859 2
860 23
861 14
862 5
863 2
864 39
865 5
866 5
867 8
868 23
869 5
870 41
871 5
872 11
873 8
874 14
875 11
876 23
877 2
878 5
879 5
880 41
881 2
882 38
883 2
884 23
885 14
886 5
887 2
888 32
889 5
890 14
891 14
892 8
893 5
894 14
895 5
896 23
897 14
898 5
899 5
900 63
901 5
902 14
903 14
904 11
905 5
906 14
907 2
908 8
909 8
910 41
911 2
912 41
913 5
914 5
915 14
916 8
917 5
918 32
919 2
920 32
921 5
922 5
923 5
924 68
925 8
926 5
927 8
928 17
929 2
930 41
931 8
932 8
933 5
934 5
935 14
936 53
937 2
938 14
939 5
940 23
941 2
942 14
943 5
944 14
945 32
946 14
947 2
948 23
949 5
950 23
951 5
952 32
953 2
954 23
955 5
956 8
957 14
958 5
959 5
960 59
961 3
962 14
963 8
964 8
965 5
966 41
967 2
968 18
969 14
970 14
971 2
972 28
973 5
974 5
975 23
976 14
977 2
978 14
979 5
980 38
981 8
982 5
983 2
984 32
985 5
986 14
987 14
988 23
989 5
990 68
991 2
992 17
993 5
994 14
995 5
996 23
997 2
998 5
999 11
1000 25
1001 14
1002 14
1003 5
1004 8
1005 14
1006 5
1007 5
1008 68
1009 2
1010 14
1011 5
1012 23
1013 2
1014 23
1015 14
1016 11
1017 8
1018 5
1019 2
1020 68
1021 2
1022 14
1023 14
1024 11
1025 8
1026 32
1027 5
1028 8
1029 11
1030 14
1031 2
1032 32
1033 2
1034 14
1035 23
1036 23
1037 5
1038 14
1039 2
1040 41
1041 5
1042 5
1043 5
1044 38
1045 14
1046 5
1047 5
1048 11
1049 2
1050 68
1051 2
1052 8
1053 14
1054 14
1055 5
1056 50
1057 5
1058 8
1059 5
1060 23
1061 2
1062 23
1063 2
1064 32
1065 14
1066 14
1067 5
1068 23
1069 2
1070 14
1071 23
1072 14
1073 5
1074 14
1075 8
1076 8
1077 5
1078 23
1079 5
1080 74
1081 5
1082 5
1083 8
1084 8
1085 14
1086 14
1087 2
1088 20
1089 13
1090 14
1091 2
1092 68
1093 2
1094 5
1095 14
1096 11
1097 2
1098 23
1099 5
1100 38
1101 5
1102 14
1103 2
1104 41
1105 14
1106 14
1107 11
1108 8
1109 2
1110 41
1111 5
1112 11
1113 14
1114 5
1115 5
1116 38
1117 2
1118 14
1119 5
1120 50
1121 5
1122 41
1123 2
1124 8
1125 18
1126 5
1127 8
1128 32
1129 2
1130 14
1131 14
1132 8
1133 5
1134 41
1135 5
1136 14
1137 5
1138 5
1139 5
1140 68
1141 5
1142 5
1143 8
1144 32
1145 5
1146 14
1147 5
1148 23
1149 5
1150 23
1151 2
1152 38
1153 2
1154 5
1155 41
1156 13
1157 5
1158 14
1159 5
1160 32
1161 11
1162 14
1163 2
1164 23
1165 5
1166 14
1167 5
1168 14
1169 5
1170 68
1171 2
1172 8
1173 14
1174 5
1175 8
1176 53
1177 5
1178 14
1179 8
1180 23
1181 2
1182 14
1183 8
1184 17
1185 14
1186 5
1187 2
1188 53
1189 5
1190 41
1191 5
1192 11
1193 2
1194 14
1195 5
1196 23
1197 23
1198 5
1199 5
1200 68
1201 2
1202 5
1203 5
1204 23
1205 5
1206 23
1207 5
1208 11
1209 14
1210 23
1211 5
1212 23
1213 2
1214 5
1215 17
1216 20
1217 2
1218 41
1219 5
1220 23
1221 14
1222 14
1223 2
1224 53
1225 13
1226 5
1227 5
1228 8
1229 2
1230 41
1231 2
1232 41
1233 8
1234 5
1235 14
1236 23
1237 2
1238 5
1239 14
1240 32
1241 5
1242 32
1243 5
1244 8
1245 14
1246 14
1247 5
1248 50
1249 2
1250 14
1251 8
1252 8
1253 5
1254 41
1255 5
1256 11
1257 5
1258 14
1259 2
1260 113
1261 5
1262 5
1263 5
1264 14
1265 14
1266 14
1267 5
1268 8
1269 11
1270 14
1271 5
1272 32
1273 5
1274 23
1275 23
1276 23
1277 2
1278 23
1279 2
1280 26
1281 14
1282 5
1283 2
1284 23
1285 5
1286 5
1287 23
1288 32
1289 2
1290 41
1291 2
1292 23
1293 5
1294 5
1295 14
1296 41
1297 2
1298 14
1299 5
1300 38
1301 2
1302 41
1303 2
1304 11
1305 23
1306 5
1307 2
1308 23
1309 14
1310 14
1311 14
1312 17
1313 5
1314 23
1315 5
1316 23
1317 5
1318 5
1319 2
1320 95
1321 2
1322 5
1323 18
1324 8
1325 8
1326 41
1327 2
1328 14
1329 5
1330 41
1331 4
1332 38
1333 5
1334 14
1335 14
1336 11
1337 5
1338 14
1339 5
1340 23
1341 8
1342 14
1343 5
1344 59
1345 5
1346 5
1347 5
1348 8
1349 5
1350 53
1351 5
1352 18
1353 14
1354 5
1355 5
1356 23
1357 5
1358 14
1359 8
1360 41
1361 2
1362 14
1363 5
1364 23
1365 41
1366 5
1367 2
1368 53
1369 3
1370 14
1371 5
1372 18
1373 2
1374 14
1375 11
1376 17
1377 14
1378 14
1379 5
1380 68
1381 2
1382 5
1383 5
1384 11
1385 5
1386 68
1387 5
1388 8
1389 5
1390 14
1391 5
1392 41
1393 5
1394 14
1395 23
1396 8
1397 5
1398 14
1399 2
1400 53
1401 5
1402 5
1403 5
1404 53
1405 5
1406 14
1407 14
1408 23
1409 2
1410 41
1411 5
1412 8
1413 8
1414 14
1415 5
1416 32
1417 5
1418 5
1419 14
1420 23
1421 8
1422 23
1423 2
1424 14
1425 23
1426 14
1427 2
1428 68
1429 2
1430 41
1431 11
1432 11
1433 2
1434 14
1435 14
1436 8
1437 5
1438 5
1439 2
1440 83
1441 5
1442 14
1443 14
1444 13
1445 8
1446 14
1447 2
1448 11
1449 23
1450 23
1451 2
1452 38
1453 2
1454 5
1455 14
1456 41
1457 5
1458 20
1459 2
1460 23
1461 5
1462 14
1463 14
1464 32
1465 5
1466 5
1467 8
1468 8
1469 5
1470 68
1471 2
1472 20
1473 5
1474 14
1475 8
1476 38
1477 5
1478 5
1479 14
1480 32
1481 2
1482 41
1483 2
1484 23
1485 32
1486 5
1487 2
1488 41
1489 2
1490 14
1491 14
1492 8
1493 2
1494 23
1495 14
1496 32
1497 5
1498 14
1499 2
1500 53
1501 5
1502 5
1503 8
1504 17
1505 14
1506 14
1507 5
1508 23
1509 5
1510 14
1511 2
1512 74
1513 5
1514 5
1515 14
1516 8
1517 5
1518 41
1519 8
1520 41
1521 13
1522 5
1523 2
1524 23
1525 8
1526 14
1527 5
1528 11
1529 5
1530 68
1531 2
1532 8
1533 14
1534 14
1535 5
1536 29
1537 5
1538 5
1539 14
1540 68
1541 5
1542 14
1543 2
1544 11
1545 14
1546 5
1547 14
1548 38
1549 2
1550 23
1551 14
1552 14
1553 2
1554 41
1555 5
1556 8
1557 8
1558 14
1559 2
1560 95
1561 5
1562 14
1563 5
1564 23
1565 5
1566 32
1567 2
1568 28
1569 5
1570 14
1571 2
1572 23
1573 8
1574 5
1575 38
1576 11
1577 5
1578 14
1579 2
1580 23
1581 14
1582 14
1583 2
1584 68
1585 5
1586 14
1587 8
1588 8
1589 5
1590 41
1591 5
1592 11
1593 11
1594 5
1595 14
1596 68
1597 2
1598 14
1599 14
1600 33
1601 2
1602 23
1603 5
1604 8
1605 14
1606 14
1607 2
1608 32
1609 2
1610 41
1611 8
1612 23
1613 2
1614 14
1615 14
1616 14
1617 23
1618 5
1619 2
1620 68
1621 2
1622 5
1623 5
1624 32
1625 11
1626 14
1627 2
1628 23
1629 8
1630 14
1631 5
1632 50
1633 5
1634 14
1635 14
1636 8
1637 2
1638 68
1639 5
1640 32
1641 5
1642 5
1643 5
1644 23
1645 14
1646 5
1647 11
1648 14
1649 5
1650 68
1651 5
1652 23
1653 14
1654 5
1655 5
1656 53
1657 2
1658 5
1659 14
1660 23
1661 5
1662 14
1663 2
1664 23
1665 23
1666 23
1667 2
1668 23
1669 2
1670 14
1671 5
1672 32
1673 5
1674 32
1675 8
1676 8
1677 14
1678 5
1679 5
1680 122
1681 3
1682 8
1683 23
1684 8
1685 5
1686 14
1687 5
1688 11
1689 5
1690 23
1691 5
1692 38
1693 2
1694 23
1695 14
1696 17
1697 2
1698 14
1699 2
1700 38
1701 17
1702 14
1703 5
1704 32
1705 14
1706 5
1707 5
1708 23
1709 2
1710 68
1711 5
1712 14
1713 5
1714 5
1715 11
1716 68
1717 5
1718 5
1719 8
1720 32
1721 2
1722 41
1723 2
1724 8
1725 23
1726 5
1727 5
1728 46
1729 14
1730 14
1731 5
1732 8
1733 2
1734 23
1735 5
1736 32
1737 8
1738 14
1739 5
1740 68
1741 2
1742 14
1743 14
1744 14
1745 5
1746 23
1747 2
1748 23
1749 14
1750 32
1751 5
1752 32
1753 2
1754 5
1755 32
1756 8
1757 5
1758 14
1759 2
1760 50
1761 5
1762 5
1763 5
1764 63
1765 5
1766 5
1767 14
1768 32
1769 5
1770 41
1771 14
1772 8
1773 8
1774 5
1775 8
1776 41
1777 2
1778 14
1779 5
1780 23
1781 5
1782 41
1783 2
1784 11
1785 41
1786 14
1787 2
1788 23
1789 2
1790 14
1791 8
1792 26
1793 5
1794 41
1795 5
1796 8
1797 5
1798 14
1799 5
1800 88
1801 2
1802 14
1803 5
1804 23
1805 8
1806 41
1807 5
1808 14
1809 11
1810 14
1811 2
1812 23
1813 8
1814 5
1815 23
1816 11
1817 5
1818 23
1819 5
1820 68
1821 5
1822 5
1823 2
1824 50
1825 8
1826 14
1827 23
1828 8
1829 5
1830 41
1831 2
1832 11
1833 14
1834 14
1835 5
1836 53
1837 5
1838 5
1839 5
1840 41
1841 5
1842 14
1843 5
1844 8
1845 23
1846 14
1847 2
1848 95
1849 3
1850 23
1851 5
1852 8
1853 5
1854 23
1855 14
1856 20
1857 5
1858 5
1859 8
1860 68
1861 2
1862 23
1863 14
1864 11
1865 5
1866 14
1867 2
1868 8
1869 14
1870 41
1871 2
1872 68
1873 2
1874 5
1875 14
1876 23
1877 2
1878 14
1879 2
1880 32
1881 23
1882 5
1883 5
1884 23
1885 14
1886 14
1887 14
1888 17
1889 2
1890 95
1891 5
1892 23
1893 5
1894 5
1895 5
1896 32
1897 5
1898 14
1899 8
1900 38
1901 2
1902 14
1903 5
1904 41
1905 14
1906 5
1907 2
1908 38
1909 5
1910 14
1911 23
1912 11
1913 2
1914 41
1915 5
1916 8
1917 11
1918 14
1919 5
1920 68
1921 5
1922 8
1923 5
1924 23
1925 23
1926 23
1927 5
1928 11
1929 5
1930 14
1931 2
1932 68
1933 2
1934 5
1935 23
1936 23
1937 5
1938 41
1939 5
1940 23
1941 5
1942 5
1943 5
1944 39
1945 5
1946 14
1947 14
1948 8
1949 2
1950 68
1951 2
1952 17
1953 23
1954 5
1955 14
1956 23
1957 5
1958 14
1959 5
1960 53
1961 5
1962 23
1963 5
1964 8
1965 14
1966 5
1967 5
1968 41
1969 5
1970 14
1971 11
1972 23
1973 2
1974 41
1975 8
1976 32
1977 5
1978 14
1979 2
1980 113
1981 5
1982 5
1983 5
1984 20
1985 5
1986 14
1987 2
1988 23
1989 23
1990 14
1991 5
1992 32
1993 2
1994 5
1995 41
1996 8
1997 2
1998 32
1999 2
2000 32
2000000000 200
1999999999 5
1999999998 122
1999999997 5
1999999996 23
1999999995 365
1999999994 41
1999999993 14
1999999992 32
1999999991 14
1999999990 122
1999999989 23
1999999988 23
1999999987 5
1999999986 41
1999999985 41
1999999984 41
1999999983 122
1999999982 14
1999999981 5
1999999980 3038
1999999979 5
1999999978 14
1999999977 41
1999999976 95
1999999975 23
1999999974 68
1999999973 2
1999999972 8
1999999971 32
1999999970 41
1999999969 41
1999999968 149
1999999967 41
1999999966 14
1999999965 41
1999999964 203
1999999963 5
1999999962 23
1999999961 14
1999999960 284
1999999959 5
1999999958 14
1999999957 14
1999999956 68
1999999955 41
1999999954 14
1999999953 23
1999999952 122
1999999951 5
1999999950 203
1999999949 14
1999999948 68
1999999947 41
1999999946 41
1999999945 41
1999999944 221
1999999943 2
1999999942 14
1999999941 5
1999999940 68
1999999939 14
1999999938 41
1999999937 122
1999999936 527
1999999935 338
1999999934 14
1999999933 5
1999999932 608
1999999931 5
1999999930 122
1999999929 41
1999999928 11
1999999927 2
1999999926 338
1999999925 563
1999999924 203
1999999923 14
1999999922 14
1999999921 5
1999999920 365
1999999919 5
1999999918 122
1999999917 14
1999999916 68
1999999915 41
1999999914 122
1999999913 2
1999999912 32
1999999911 203
1999999910 14
1999999909 5
1999999908 38
1999999907 41
1999999906 122
1999999905 14
1999999904 50
1999999903 5
1999999902 41
1999999901 41
1999999900 38
1999999899 23
1999999898 41
1999999897 14
1999999896 95
1999999895 14
1999999894 14
1999999893 5
1999999892 23
1999999891 14
1999999890 851
1999999889 5
1999999888 122
1999999887 14
1999999886 14
1999999885 122
1999999884 68
1999999883 23
1999999882 41
1999999881 23
1999999880 95
1999999879 14
1999999878 14
1999999877 41
1999999876 38
1999999875 284
1999999874 5
1999999873 2
1999999872 1013
1999999871 2
1999999870 41
1999999869 41
1999999868 23
1999999867 14
1999999866 122
1999999865 14
1999999864 32
1999999863 95
1999999862 14
1999999861 2
1999999860 68
1999999859 14
1999999858 5
1999999857 5
1999999856 14
1999999855 14
1999999854 68
1999999853 2
1999999852 23
1999999851 14
1999999850 608
1999999849 5
1999999848 2552
1999999847 5
1999999846 14
1999999845 68
1999999844 203
1999999843 5
1999999842 14
1999999841 5
1999999840 50
1999999839 14
1999999838 14
1999999837 14
1999999836 293
1999999835 41
1999999834 122
1999999833 122
1999999832 284
1999999831 5
1999999830 122
1999999829 2
1999999828 23
1999999827 38
1999999826 41
1999999825 23
1999999824 122
1999999823 5
1999999822 68
1999999821 5
1999999820 608
1999999819 5
1999999818 203
1999999817 2
1999999816 32
1999999815 41
1999999814 14
1999999813 41
1999999812 203
1999999811 2
1999999810 122
1999999809 32
1999999808 20
1999999807 14
1999999806 122
1999999805 14
1999999804 38
1999999803 14
1999999802 41
1999999801 5
1999999800 788
1999999799 41
1999999798 14
1999999797 14
1999999796 23
1999999795 5
1999999794 122
1999999793 14
1999999792 122
1999999791 23
1999999790 41
1999999789 41
1999999788 23
1999999787 5
1999999786 5
1999999785 122
1999999784 32
1999999783 5
1999999782 851
1999999781 41
1999999780 23
1999999779 5
1999999778 68
1999999777 2
1999999776 446
1999999775 23
1999999774 14
1999999773 23
1999999772 23
1999999771 41
1999999770 365
1999999769 5
1999999768 32
1999999767 5
1999999766 5
1999999765 41
1999999764 338
1999999763 2
1999999762 14
1999999761 68
1999999760 122
1999999759 14
1999999758 14
1999999757 14
1999999756 23
1999999755 365
1999999754 14
1999999753 14
1999999752 95
1999999751 14
1999999750 284
1999999749 41
1999999748 23
1999999747 2
1999999746 68
1999999745 5
1999999744 26
1999999743 14
1999999742 68
1999999741 5
1999999740 68
1999999739 5
1999999738 41
1999999737 8
1999999736 284
1999999735 5
1999999734 14
1999999733 5
1999999732 68
1999999731 41
1999999730 41
1999999729 32
1999999728 95
1999999727 14
1999999726 14
1999999725 23
1999999724 8
1999999723 5
1999999722 122
1999999721 14
1999999720 95
1999999719 68
1999999718 14
1999999717 5
1999999716 608
1999999715 41
1999999714 122
1999999713 14
1999999712 50
1999999711 5
1999999710 203
1999999709 5
1999999708 203
1999999707 14
1999999706 41
1999999705 14
1999999704 32
1999999703 41
1999999702 41
1999999701 53
1999999700 338
1999999699 5
1999999698 41
1999999697 14
1999999696 41
1999999695 41
1999999694 122
1999999693 14
1999999692 38
1999999691 5
1999999690 41
1999999689 41
1999999688 32
1999999687 5
1999999686 14
1999999685 5
1999999684 68
1999999683 113
1999999682 41
1999999681 5
1999999680 7898
1999999679 14
1999999678 14
1999999677 41
1999999676 23
1999999675 8
1999999674 122
1999999673 14
1999999672 95
1999999671 5
1999999670 41
1999999669 5
1999999668 23
1999999667 14
1999999666 41
1999999665 68
1999999664 41
1999999663 14
1999999662 14
1999999661 14
1999999660 203
1999999659 14
1999999658 14
1999999657 2
1999999656 158
1999999655 5
1999999654 14
1999999653 14
1999999652 23
1999999651 5
1999999650 203
1999999649 2
1999999648 50
1999999647 32
1999999646 23
1999999645 122
1999999644 23
1999999643 2
1999999642 14
1999999641 122
1999999640 32
1999999639 41
1999999638 608
1999999637 14
1999999636 8
1999999635 14
1999999634 41
1999999633 5
1999999632 122
1999999631 23
1999999630 14
1999999629 203
1999999628 68
1999999627 14
1999999626 122
1999999625 32
1999999624 32
1999999623 41
1999999622 14
1999999621 2
1999999620 158
1999999619 14
1999999618 14
1999999617 365
1999999616 203
1999999615 41
1999999614 14
1999999613 2
1999999612 68
1999999611 23
1999999610 41
1999999609 2
1999999608 32
1999999607 5
1999999606 14
1999999605 14
1999999604 23
1999999603 14
1999999602 23
1999999601 5
1999999600 68
1999999599 41
1999999598 41
1999999597 5
1999999596 203
1999999595 122
1999999594 5
1999999593 50
1999999592 32
1999999591 14
1999999590 41
1999999589 14
1999999588 8
1999999587 14
1999999586 14
1999999585 14
1999999584 2228
1999999583 5
1999999582 203
1999999581 14
1999999580 203
1999999579 5
1999999578 122
1999999577 5
1999999576 32
1999999575 338
1999999574 14
1999999573 113
1999999572 23
1999999571 2
1999999570 14
1999999569 41
1999999568 365
1999999567 5
1999999566 32
1999999565 113
1999999564 23
1999999563 14
1999999562 68
1999999561 41
1999999560 284
1999999559 2
1999999558 122
1999999557 23
1999999556 68
1999999555 14
1999999554 1094
1999999553 2
1999999552 20
1999999551 41
1999999550 68
1999999549 5
1999999548 38
1999999547 14
1999999546 122
1999999545 122
1999999544 95
1999999543 41
1999999542 41
1999999541 14
1999999540 608
1999999539 11
1999999538 14
1999999537 14
1999999536 41
1999999535 5
1999999534 41
1999999533 68
1999999532 23
1999999531 14
1999999530 608
1999999529 41
1999999528 11
1999999527 41
1999999526 41
1999999525 8
1999999524 23
1999999523 41
1999999522 5
1999999521 23
1999999520 149
1999999519 5
1999999518 122
1999999517 14
1999999516 68
1999999515 41
1999999514 5
1999999513 41
1999999512 851
1999999511 5
1999999510 122
1999999509 5
1999999508 203
1999999507 41
1999999506 41
1999999505 14
1999999504 14
1999999503 68
1999999502 5
1999999501 14
1999999500 1418
1999999499 2
1999999498 14
1999999497 41
1999999496 32
1999999495 14
1999999494 68
1999999493 14
1999999492 8
1999999491 14
1999999490 14
1999999489 14
1999999488 770
1999999487 5
1999999486 14
1999999485 284
1999999484 113
1999999483 5
1999999482 122
1999999481 5
1999999480 158
1999999479 14
1999999478 5
1999999477 41
1999999476 113
1999999475 68
1999999474 41
1999999473 14
1999999472 41
1999999471 41
1999999470 1094
1999999469 41
1999999468 23
1999999467 23
1999999466 5
1999999465 5
1999999464 95
1999999463 41
1999999462 14
1999999461 5
1999999460 68
1999999459 14
1999999458 95
1999999457 14
1999999456 446
1999999455 14
1999999454 41
1999999453 5
1999999452 203
1999999451 5
1999999450 68
1999999449 23
1999999448 32
1999999447 5
1999999446 122
1999999445 14
1999999444 23
1999999443 122
1999999442 122
1999999441 23
1999999440 608
1999999439 2
1999999438 14
1999999437 5
1999999436 23
1999999435 68
1999999434 122
1999999433 5
1999999432 95
1999999431 41
1999999430 365
1999999429 5
1999999428 68
1999999427 5
1999999426 41
1999999425 203
1999999424 20
1999999423 2
1999999422 68
1999999421 14
1999999420 23
1999999419 14
1999999418 41
1999999417 14
1999999416 95
1999999415 41
1999999414 122
1999999413 203
1999999412 8
1999999411 5
1999999410 365
1999999409 5
1999999408 365
1999999407 14
1999999406 14
1999999405 41
1999999404 368
1999999403 5
1999999402 14
1999999401 14
1999999400 158
1999999399 14
1999999398 122
1999999397 14
1999999396 23
1999999395 68
1999999394 14
1999999393 41
1999999392 446
1999999391 41
1999999390 41
1999999389 14
1999999388 8
1999999387 5
1999999386 743
1999999385 14
1999999384 32
1999999383 14
1999999382 14
1999999381 5
1999999380 203
1999999379 122
1999999378 14
1999999377 32
1999999376 14
1999999375 365
1999999374 365
1999999373 2
1999999372 23
1999999371 5
1999999370 122
1999999369 5
1999999368 53
1999999367 14
1999999366 41
1999999365 365
1999999364 23
1999999363 14
1999999362 122
1999999361 14
1999999360 68
1999999359 23
1999999358 41
1999999357 23
1999999356 203
1999999355 41
1999999354 5
1999999353 14
1999999352 284
1999999351 5
1999999350 743
1999999349 5
1999999348 68
1999999347 14
1999999346 14
1999999345 5
1999999344 122
1999999343 5
1999999342 14
1999999341 8
1999999340 68
1999999339 41
1999999338 14
1999999337 23
1999999336 11
1999999335 14
1999999334 5
1999999333 5
1999999332 113
1999999331 5
1999999330 122
1999999329 14
1999999328 50
1999999327 5
1999999326 365
1999999325 8
1999999324 8
1999999323 284
1999999322 14
1999999321 2
1999999320 1418
1999999319 5
1999999318 41
1999999317 41
1999999316 203
1999999315 14
1999999314 203
1999999313 14
1999999312 41
1999999311 14
1999999310 14
1999999309 14
1999999308 203
1999999307 5
1999999306 41
1999999305 68
1999999304 32
1999999303 5
1999999302 122
1999999301 14
1999999300 113
1999999299 41
1999999298 14
1999999297 14
1999999296 410
1999999295 122
1999999294 14
1999999293 95
1999999292 68
1999999291 14
1999999290 41
1999999289 5
1999999288 158
1999999287 203
1999999286 68
1999999285 5
1999999284 203
1999999283 14
1999999282 14
1999999281 14
1999999280 365
1999999279 5
1999999278 203
1999999277 5
1999999276 68
1999999275 68
1999999274 122
1999999273 41
1999999272 284
1999999271 2
1999999270 365
1999999269 14
1999999268 23
1999999267 5
1999999266 41
1999999265 14
1999999264 50
1999999263 5
1999999262 41
1999999261 14
1999999260 338
1999999259 5
1999999258 41
1999999257 14
1999999256 32
1999999255 122
1999999254 122
1999999253 122
1999999252 23
1999999251 8
1999999250 95
1999999249 5
1999999248 365
1999999247 5
1999999246 14
1999999245 122
1999999244 23
1999999243 14
1999999242 284
1999999241 14
1999999240 95
1999999239 68
1999999238 14
1999999237 5
1999999236 23
1999999235 68
1999999234 14
1999999233 8
1999999232 689
1999999231 5
1999999230 122
1999999229 14
1999999228 68
1999999227 14
1999999226 5
1999999225 68
1999999224 473
1999999223 5
1999999222 41
1999999221 122
1999999220 113
1999999219 2
1999999218 122
1999999217 5
1999999216 41
1999999215 32
1999999214 5
1999999213 14
1999999212 68
1999999211 5
1999999210 122
1999999209 41
1999999208 95
1999999207 2
1999999206 23
1999999205 14
1999999204 1013
1999999203 14
1999999202 14
1999999201 5
1999999200 743
1999999199 11
1999999198 5
1999999197 68
1999999196 68
1999999195 5
1999999194 14
1999999193 5
1999999192 32
1999999191 14
1999999190 203
1999999189 5
1999999188 608
1999999187 14
1999999186 14
1999999185 41
1999999184 41
1999999183 41
1999999182 41
1999999181 14
1999999180 23
1999999179 8
1999999178 122
1999999177 14
1999999176 284
1999999175 23
1999999174 5
1999999173 14
1999999172 23
1999999171 2
1999999170 1823
1999999169 41
1999999168 59
1999999167 14
1999999166 41
1999999165 14
1999999164 23
1999999163 14
1999999162 41
1999999161 11
1999999160 284
1999999159 14
1999999158 41
1999999157 5
1999999156 68
1999999155 1094
1999999154 14
1999999153 41
1999999152 203
1999999151 2
1999999150 23
1999999149 14
1999999148 23
1999999147 41
1999999146 14
1999999145 5
1999999144 851
1999999143 23
1999999142 14
1999999141 8
1999999140 68
1999999139 14
1999999138 41
1999999137 41
1999999136 149
1999999135 5
1999999134 95
1999999133 14
1999999132 68
1999999131 365
1999999130 41
1999999129 14
1999999128 95
1999999127 5
1999999126 14
1999999125 158
1999999124 23
1999999123 14
1999999122 41
1999999121 2
1999999120 122
1999999119 14
1999999118 14
1999999117 2
1999999116 38
1999999115 5
1999999114 14
1999999113 14
1999999112 11
1999999111 14
1999999110 365
1999999109 41
1999999108 23
1999999107 20
1999999106 41
1999999105 14
1999999104 203
1999999103 5
1999999102 14
1999999101 41
1999999100 1013
1999999099 5
1999999098 23
1999999097 2
1999999096 95
1999999095 41
1999999094 14
1999999093 2
1999999092 338
1999999091 5
1999999090 122
1999999089 23
1999999088 14
1999999087 2
1999999086 41
1999999085 122
1999999084 68
1999999083 14
1999999082 5
1999999081 2
1999999080 221
1999999079 14
1999999078 68
1999999077 14
1999999076 23
1999999075 23
1999999074 41
1999999073 5
1999999072 17
1999999071 608
1999999070 122
1999999069 5
1999999068 113
1999999067 14
1999999066 23
1999999065 122
1999999064 32
1999999063 5
1999999062 68
1999999061 2
1999999060 68
1999999059 14
1999999058 14
1999999057 14
1999999056 122
1999999055 14
1999999054 5
1999999053 32
1999999052 68
1999999051 41
1999999050 203
1999999049 2
1999999048 95
1999999047 5
1999999046 14
1999999045 14
1999999044 113
1999999043 32
1999999042 41
1999999041 14
1999999040 527
1999999039 5
1999999038 41
1999999037 5
1999999036 203
1999999035 68
1999999034 41
1999999033 5
1999999032 32
1999999031 14
1999999030 14
1999999029 41
1999999028 23
1999999027 14
1999999026 122
1999999025 23
1999999024 122
1999999023 14
1999999022 14
1999999021 14
1999999020 203
1999999019 5
1999999018 14
1999999017 203
1999999016 11
1999999015 122
1999999014 365
1999999013 2
1999999012 23
1999999011 41
1999999010 14
1999999009 14
1999999008 743
1999999007 41
1999999006 5
1999999005 41
1999999004 8
1999999003 2
1999999002 41
1999999001 122
1999999000 662
1999998999 32
1999998998 41
1999998997 5
1999998996 23
1999998995 14
1999998994 68
1999998993 14
1999998992 41
1999998991 5
1999998990 1823
1999998989 5
1999998988 68
1999998987 41
1999998986 14
1999998985 14
1999998984 32
1999998983 41
1999998982 5
1999998981 23
1999998980 203
1999998979 14
1999998978 122
1999998977 14
1999998976 338
1999998975 68
1999998974 5
1999998973 14
1999998972 158
1999998971 14
1999998970 122
1999998969 5
1999998968 32
1999998967 5
1999998966 122
1999998965 14
1999998964 23
1999998963 23
1999998962 122
1999998961 2
1999998960 122
1999998959 14
1999998958 41
1999998957 203
1999998956 23
1999998955 41
1999998954 203
1999998953 5
1999998952 95
1999998951 14
1999998950 23
1999998949 122
1999998948 608
1999998947 2
1999998946 41
1999998945 608
1999998944 50
1999998943 5
1999998942 41
1999998941 2
1999998940 68
1999998939 14
1999998938 122
1999998937 14
1999998936 473
1999998935 14
1999998934 14
1999998933 41
1999998932 23
1999998931 5
1999998930 41
1999998929 41
1999998928 14
1999998927 8
1999998926 41
1999998925 68
1999998924 203
1999998923 14
1999998922 41
1999998921 14
1999998920 158
1999998919 14
1999998918 284
1999998917 5
1999998916 23
1999998915 122
1999998914 14
1999998913 5
1999998912 176
1999998911 5
1999998910 365
1999998909 23
1999998908 23
1999998907 2
1999998906 41
1999998905 5
1999998904 32
1999998903 14
1999998902 41
1999998901 5
1999998900 563
1999998899 2
1999998898 14
1999998897 68
1999998896 203
1999998895 14
1999998894 14
1999998893 2
1999998892 8
1999998891 95
1999998890 14
1999998889 5
1999998888 95
1999998887 5
1999998886 41
1999998885 122
1999998884 203
1999998883 14
1999998882 68
1999998881 14
1999998880 149
1999998879 14
1999998878 14
1999998877 14
1999998876 203
1999998875 95
1999998874 14
1999998873 68
1999998872 11
1999998871 5
1999998870 41
1999998869 14
1999998868 23
1999998867 5
1999998866 5
1999998865 41
1999998864 446
1999998863 5
1999998862 122
1999998861 14
1999998860 203
1999998859 5
1999998858 365
1999998857 2
1999998856 32
1999998855 68
1999998854 14
1999998853 5
1999998852 68
1999998851 14
1999998850 68
1999998849 41
1999998848 68
1999998847 203
1999998846 68
1999998845 41
1999998844 23
1999998843 203
1999998842 14
1999998841 5
1999998840 284
1999998839 14
1999998838 14
1999998837 32
1999998836 38
1999998835 14
1999998834 41
1999998833 122
1999998832 41
1999998831 41
1999998830 41
1999998829 5
1999998828 38
1999998827 2
1999998826 41
1999998825 68
1999998824 32
1999998823 2
1999998822 41
1999998821 5
1999998820 23
1999998819 203
1999998818 14
1999998817 5
1999998816 149
1999998815 14
1999998814 41
1999998813 41
1999998812 68
1999998811 14
1999998810 851
1999998809 2
1999998808 11
1999998807 41
1999998806 41
1999998805 122
1999998804 68
1999998803 5
1999998802 14
1999998801 23
1999998800 203
1999998799 2
1999998798 203
1999998797 2
1999998796 68
1999998795 14
1999998794 14
1999998793 41
1999998792 473
1999998791 5
1999998790 41
1999998789 5
1999998788 8
1999998787 14
1999998786 41
1999998785 14
1999998784 176
1999998783 14
1999998782 5
1999998781 5
1999998780 203
1999998779 11
1999998778 122
1999998777 122
1999998776 32
1999998775 68
1999998774 68
1999998773 2
1999998772 8
1999998771 14
1999998770 122
1999998769 2
1999998768 365
1999998767 14
1999998766 14
1999998765 203
1999998764 38
1999998763 5
1999998762 41
1999998761 2
1999998760 95
1999998759 41
1999998758 14
1999998757 5
1999998756 473
1999998755 41
1999998754 41
1999998753 41
1999998752 50
1999998751 5
1999998750 365
1999998749 23
1999998748 68
1999998747 23
1999998746 41
1999998745 14
1999998744 95
1999998743 2
1999998742 14
1999998741 41
1999998740 68
1999998739 14
1999998738 23
1999998737 41
1999998736 14
1999998735 41
1999998734 14
1999998733 2
1999998732 23
1999998731 5
1999998730 41
1999998729 32
1999998728 1418
1999998727 5
1999998726 41
1999998725 68
1999998724 23
1999998723 5
1999998722 14
1999998721 5
1999998720 1148
1999998719 2
1999998718 41
1999998717 41
1999998716 68
1999998715 68
1999998714 122
1999998713 5
1999998712 32
1999998711 23
1999998710 122
1999998709 14
1999998708 203
1999998707 14
1999998706 5
1999998705 41
1999998704 365
1999998703 5
1999998702 122
1999998701 2
1999998700 263
1999998699 41
1999998698 14
1999998697 14
1999998696 95
1999998695 41
1999998694 14
1999998693 203
1999998692 68
1999998691 5
1999998690 122
1999998689 14
1999998688 50
1999998687 5
1999998686 14
1999998685 5
1999998684 113
1999998683 5
1999998682 14
1999998681 14
1999998680 95
1999998679 5
1999998678 122
1999998677 14
1999998676 23
1999998675 53
1999998674 5
1999998673 5
1999998672 3281
1999998671 41
1999998670 41
1999998669 14
1999998668 23
1999998667 14
1999998666 608
1999998665 41
1999998664 11
1999998663 41
1999998662 41
1999998661 5
1999998660 1823
1999998659 14
1999998658 14
1999998657 23
1999998656 20
1999998655 41
1999998654 14
1999998653 5
1999998652 23
1999998651 23
1999998650 68
1999998649 41
1999998648 221
1999998647 14
1999998646 5
1999998645 41
1999998644 68
1999998643 41
1999998642 41
1999998641 2
1999998640 41
1999998639 68
1999998638 41
1999998637 14
1999998636 203
1999998635 41
1999998634 41
1999998633 5
1999998632 32
1999998631 2
1999998630 608
1999998629 5
1999998628 23
1999998627 122
1999998626 122
1999998625 11
1999998624 446
1999998623 5
1999998622 14
1999998621 17
1999998620 23
1999998619 5
1999998618 41
1999998617 2
1999998616 95
1999998615 122
1999998614 122
1999998613 5
1999998612 38
1999998611 14
1999998610 41
1999998609 122
1999998608 41
1999998607 5
1999998606 41
1999998605 122
1999998604 38
1999998603 23
1999998602 68
1999998601 14
1999998600 158
1999998599 5
1999998598 14
1999998597 5
1999998596 68
1999998595 41
1999998594 158
1999998593 5
1999998592 203
1999998591 41
1999998590 41
1999998589 5
1999998588 203
1999998587 5
1999998586 14
1999998585 203
1999998584 32
1999998583 5
1999998582 41
1999998581 14
1999998580 68
1999998579 41
1999998578 14
1999998577 14
1999998576 68
1999998575 68
1999998574 122
1999998573 41
1999998572 203
1999998571 5
1999998570 122
1999998569 5
1999998568 11
1999998567 95
1999998566 122
1999998565 14
1999998564 23
1999998563 14
1999998562 14
1999998561 14
1999998560 149
1999998559 23
1999998558 203
1999998557 5
1999998556 23
1999998555 122
1999998554 14
1999998553 23
1999998552 95
1999998551 2
1999998550 68
1999998549 8
1999998548 23
1999998547 5
1999998546 122
1999998545 5
1999998544 41
1999998543 41
1999998542 122
1999998541 14
1999998540 608
1999998539 122
1999998538 14
1999998537 14
1999998536 11
1999998535 5
1999998534 41
1999998533 14
1999998532 203
1999998531 23
1999998530 14
1999998529 5
1999998528 176
1999998527 2
1999998526 41
1999998525 203
1999998524 68
1999998523 5
1999998522 68
1999998521 5
1999998520 2552
1999998519 5
1999998518 122
1999998517 5
1999998516 68
1999998515 14
1999998514 41
1999998513 95
1999998512 14
1999998511 41
1999998510 122
1999998509 5
1999998508 68
1999998507 41
1999998506 41
1999998505 14
1999998504 788
1999998503 14
1999998502 14
1999998501 14
1999998500 158
1999998499 5
1999998498 41
1999998497 5
1999998496 17
1999998495 68
1999998494 14
1999998493 2
1999998492 68
1999998491 14
1999998490 608
1999998489 5
1999998488 32
1999998487 5
1999998486 32
1999998485 14
1999998484 203
1999998483 41
1999998482 68
1999998481 14
1999998480 365
1999998479 2
1999998478 14
1999998477 68
1999998476 23
1999998475 23
1999998474 41
1999998473 203
1999998472 11
1999998471 14
1999998470 41
1999998469 14
1999998468 338
1999998467 5
1999998466 14
1999998465 122
1999998464 29
1999998463 14
1999998462 365
1999998461 14
1999998460 203
1999998459 14
1999998458 5
1999998457 2
1999998456 851
1999998455 68
1999998454 41
1999998453 5
1999998452 8
1999998451 14
1999998450 338
1999998449 5
1999998448 122
1999998447 41
1999998446 5
1999998445 5
1999998444 608
1999998443 2
1999998442 122
1999998441 203
1999998440 95
1999998439 5
1999998438 14
1999998437 5
1999998436 23
1999998435 14
1999998434 14
1999998433 5
1999998432 347
1999998431 5
1999998430 41
1999998429 122
1999998428 23
1999998427 41
1999998426 41
1999998425 23
1999998424 32
1999998423 23
1999998422 41
1999998421 2
1999998420 608
1999998419 14
1999998418 122
1999998417 14
1999998416 41
1999998415 41
1999998414 23
1999998413 122
1999998412 23
1999998411 14
1999998410 14
1999998409 5
1999998408 95
1999998407 41
1999998406 68
1999998405 95
1999998404 23
1999998403 5
1999998402 122
1999998401 2
1999998400 98
1999998399 41
1999998398 122
1999998397 5
1999998396 338
1999998395 14
1999998394 5
1999998393 14
1999998392 284
1999998391 5
1999998390 608
1999998389 2
1999998388 68
1999998387 68
1999998386 5
1999998385 122
1999998384 41
1999998383 2
1999998382 5
1999998381 41
1999998380 203
1999998379 5
1999998378 608
1999998377 14
1999998376 32
1999998375 32
1999998374 122
1999998373 5
1999998372 203
1999998371 41
1999998370 122
1999998369 68
1999998368 149
1999998367 5
1999998366 41
1999998365 14
1999998364 203
1999998363 41
1999998362 5
1999998361 5
1999998360 473
1999998359 2
1999998358 14
1999998357 95
1999998356 68
1999998355 5
1999998354 122
1999998353 14
1999998352 68
1999998351 95
1999998350 203
1999998349 5
1999998348 203
1999998347 2
1999998346 14
1999998345 14
1999998344 11
1999998343 14
1999998342 23
1999998341 14
1999998340 68
1999998339 5
1999998338 41
1999998337 5
1999998336 608
1999998335 5
1999998334 14
1999998333 68
1999998332 68
1999998331 5
1999998330 365
1999998329 5
1999998328 32
1999998327 203
1999998326 5
1999998325 203
1999998324 53
1999998323 5
1999998322 122
1999998321 14
1999998320 365
1999998319 14
1999998318 41
1999998317 5
1999998316 23
1999998315 203
1999998314 14
1999998313 2
1999998312 95
1999998311 41
1999998310 14
1999998309 5
1999998308 113
1999998307 14
1999998306 23
1999998305 14
1999998304 149
1999998303 41
1999998302 5
1999998301 41
1999998300 338
1999998299 41
1999998298 14
1999998297 41
1999998296 95
1999998295 14
1999998294 122
1999998293 5
1999998292 68
1999998291 5
1999998290 41
1999998289 5
1999998288 203
1999998287 5
1999998286 1094
1999998285 122
1999998284 68
1999998283 5
1999998282 122
1999998281 14
1999998280 95
1999998279 8
1999998278 14
1999998277 14
1999998276 68
1999998275 23
1999998274 5
1999998273 122
1999998272 59
1999998271 5
1999998270 95
1999998269 5
1999998268 23
1999998267 5
1999998266 41
1999998265 5
1999998264 284
1999998263 41
1999998262 5
1999998261 8
1999998260 68
1999998259 23
1999998258 41
1999998257 5
1999998256 14
1999998255 41
1999998254 41
1999998253 41
1999998252 338
1999998251 5
1999998250 32
1999998249 5
1999998248 95
1999998247 5
1999998246 122
1999998245 122
1999998244 23
1999998243 32
1999998242 41
1999998241 5
1999998240 446
1999998239 2
1999998238 122
1999998237 5
1999998236 23
1999998235 203
1999998234 203
1999998233 5
1999998232 95
1999998231 68
1999998230 41
1999998229 5
1999998228 203
1999998227 5
1999998226 5
1999998225 113
1999998224 365
1999998223 5
1999998222 122
1999998221 23
1999998220 68
1999998219 14
1999998218 14
1999998217 5
1999998216 851
1999998215 14
1999998214 5
1999998213 5
1999998212 68
1999998211 5
1999998210 608
1999998209 5
1999998208 77
1999998207 23
1999998206 5
1999998205 41
1999998204 203
1999998203 5
1999998202 41
1999998201 68
1999998200 53
1999998199 5
1999998198 203
1999998197 5
1999998196 23
1999998195 365
1999998194 41
1999998193 2
1999998192 41
1999998191 5
1999998190 14
1999998189 95
1999998188 8
1999998187 14
1999998186 41
1999998185 41
1999998184 95
1999998183 14
1999998182 41
1999998181 2
1999998180 113
1999998179 14
1999998178 14
1999998177 41
1999998176 149
1999998175 68
1999998174 41
1999998173 5
1999998172 8
1999998171 23
1999998170 122
1999998169 5
1999998168 95
1999998167 14
1999998166 122
1999998165 122
1999998164 68
1999998163 14
1999998162 95
1999998161 8
1999998160 122
1999998159 122
1999998158 41
1999998157 5
1999998156 203
1999998155 122
1999998154 122
1999998153 23
1999998152 11
1999998151 5
1999998150 203
1999998149 2
1999998148 68
1999998147 41
1999998146 14
1999998145 5
1999998144 293
1999998143 41
1999998142 41
1999998141 14
1999998140 203
1999998139 41
1999998138 41
1999998137 14
1999998136 11
1999998135 83
1999998134 5
1999998133 14
1999998132 203
1999998131 5
1999998130 41
1999998129 14
1999998128 122
1999998127 5
1999998126 68
1999998125 14
1999998124 23
1999998123 14
1999998122 14
1999998121 68
1999998120 851
1999998119 5
1999998118 5
1999998117 23
1999998116 23
1999998115 14
1999998114 41
1999998113 5
1999998112 248
1999998111 68
1999998110 68
1999998109 5
1999998108 473
1999998107 8
1999998106 14
1999998105 122
1999998104 95
1999998103 2
1999998102 122
1999998101 14
1999998100 38
1999998099 68
1999998098 14
1999998097 41
1999998096 122
1999998095 14
1999998094 41
1999998093 5
1999998092 23
1999998091 41
1999998090 203
1999998089 14
1999998088 32
1999998087 5
1999998086 5
1999998085 5
1999998084 68
1999998083 14
1999998082 122
1999998081 32
1999998080 68
1999998079 8
1999998078 122
1999998077 122
1999998076 23
1999998075 68
1999998074 122
1999998073 5
1999998072 158
1999998071 8
1999998070 41
1999998069 14
1999998068 8
1999998067 5
1999998066 41
1999998065 41
1999998064 122
1999998063 38
1999998062 41
1999998061 5
1999998060 203
1999998059 5
1999998058 5
1999998057 5
1999998056 32
1999998055 14
1999998054 365
1999998053 14
1999998052 38
1999998051 41
1999998050 203
1999998049 14
1999998048 446
1999998047 2
1999998046 41
1999998045 68
1999998044 23
1999998043 5
1999998042 122
1999998041 5
1999998040 284
1999998039 122
1999998038 14
1999998037 14
1999998036 113
1999998035 41
1999998034 5
1999998033 41
1999998032 122
1999998031 5
1999998030 122
1999998029 2
1999998028 203
1999998027 32
1999998026 122
1999998025 68
1999998024 95
1999998023 5
1999998022 41
1999998021 41
1999998020 68
1999998019 5
1999998018 68
1999998017 5
1999998016 59
1999998015 122
1999998014 284
1999998013 5
1999998012 203
1999998011 5
1999998010 41
1999998009 23
1999998008 32
1999998007 14
1999998006 41
1999998005 41
1999998004 23
1999998003 14
1999998002 5
1999998001 5
1999998000 17861
